###################################################################################################
### CosmicWatch: The Desktop Muon Detector
### Device ID: MarySomerville
### Launch time: 0:08:58 1/1/2019
### Questions? Email Spencer N. Axani (saxani@mit.edu)
### Event Time Date TimeStamp[ms] ADC1 ADC2 SiPM[mV] Temp[C] Pressure[Pa] DeadTime[us] Coincident ID
###################################################################################################
1	0:09:03	1/1/2019 	4245	962.00	195.00	44.94	27.43	100745.20	239855	0	MarySomerville	
2	0:09:04	1/1/2019 	5105	776.00	29.00	20.03	27.43	100745.05	53872	1	MarySomerville	
3	0:09:04	1/1/2019 	5758	74.00	7.00	6.03	27.43	100745.45	49820	0	MarySomerville	
4	0:09:04	1/1/2019 	5894	105.00	8.00	6.73	27.43	100745.45	1849	0	MarySomerville	
5	0:09:05	1/1/2019 	6240	962.00	178.00	43.12	27.43	100745.45	1848	0	MarySomerville	
6	0:09:05	1/1/2019 	6736	617.00	9.00	14.23	27.43	100745.49	49819	0	MarySomerville	
7	0:09:05	1/1/2019 	6932	608.00	9.00	14.12	27.43	100745.33	1850	0	MarySomerville	
8	0:09:07	1/1/2019 	8423	707.00	14.00	16.33	27.44	100745.40	51791	0	MarySomerville	
9	0:09:07	1/1/2019 	8643	878.00	73.00	25.35	27.44	100745.40	49819	0	MarySomerville	
10	0:09:08	1/1/2019 	9996	915.00	129.00	35.62	27.44	100745.71	49817	0	MarySomerville	
11	0:09:09	1/1/2019 	10360	80.00	6.00	6.13	27.44	100745.71	2600	0	MarySomerville	
12	0:09:09	1/1/2019 	10383	971.00	241.00	49.30	27.44	100745.71	1849	1	MarySomerville	
13	0:09:09	1/1/2019 	10895	968.00	220.00	47.28	27.44	100745.38	49823	0	MarySomerville	
14	0:09:11	1/1/2019 	12310	168.00	8.00	8.51	27.44	100745.59	51932	0	MarySomerville	
15	0:09:11	1/1/2019 	12813	89.00	7.00	6.32	27.44	100745.59	49814	0	MarySomerville	
16	0:09:12	1/1/2019 	13264	199.00	7.00	9.26	27.45	100745.66	1848	0	MarySomerville	
17	0:09:13	1/1/2019 	14642	118.00	7.00	7.09	27.45	100745.04	97785	0	MarySomerville	
18	0:09:14	1/1/2019 	15171	803.00	41.00	21.60	27.45	100744.70	1850	0	MarySomerville	
19	0:09:14	1/1/2019 	15641	385.00	8.00	12.00	27.45	100744.95	49821	0	MarySomerville	
20	0:09:16	1/1/2019 	17096	87.00	7.00	6.28	27.45	100744.49	51791	0	MarySomerville	
21	0:09:16	1/1/2019 	17215	673.00	11.00	15.25	27.45	100744.49	1849	0	MarySomerville	
22	0:09:17	1/1/2019 	18314	641.00	10.00	14.72	27.46	100744.23	49819	0	MarySomerville	
23	0:09:17	1/1/2019 	18660	806.00	41.00	21.61	27.46	100743.73	49820	0	MarySomerville	
24	0:09:17	1/1/2019 	18713	133.00	7.00	7.52	27.46	100743.73	1850	0	MarySomerville	
25	0:09:18	1/1/2019 	19343	705.00	14.00	16.32	27.46	100743.48	1848	0	MarySomerville	
26	0:09:19	1/1/2019 	20655	420.00	8.00	12.27	27.46	100743.05	99767	0	MarySomerville	
27	0:09:20	1/1/2019 	21149	167.00	8.00	8.48	27.46	100743.27	2598	0	MarySomerville	
28	0:09:20	1/1/2019 	21694	175.00	7.00	8.69	27.47	100743.50	49821	0	MarySomerville	
29	0:09:21	1/1/2019 	22627	678.00	12.00	15.58	27.47	100743.17	49822	0	MarySomerville	
30	0:09:22	1/1/2019 	23291	327.00	8.00	11.40	27.47	100743.57	1850	0	MarySomerville	
31	0:09:23	1/1/2019 	24385	829.00	52.00	22.75	27.47	100743.52	49822	0	MarySomerville	
32	0:09:24	1/1/2019 	25768	176.00	8.00	8.72	27.47	100742.86	99908	0	MarySomerville	
33	0:09:25	1/1/2019 	26238	789.00	32.00	20.50	27.48	100743.10	1849	0	MarySomerville	
34	0:09:28	1/1/2019 	29153	129.00	7.00	7.41	27.48	100742.27	145767	0	MarySomerville	
35	0:09:28	1/1/2019 	29751	757.00	22.00	18.65	27.48	100742.09	49825	1	MarySomerville	
36	0:09:28	1/1/2019 	29778	766.00	25.00	19.30	27.48	100742.09	2599	0	MarySomerville	
37	0:09:31	1/1/2019 	32230	682.00	12.00	15.60	27.49	100742.31	97793	0	MarySomerville	
38	0:09:31	1/1/2019 	32867	520.00	8.00	12.99	27.49	100741.98	51989	0	MarySomerville	
39	0:09:33	1/1/2019 	34030	912.00	116.00	33.13	27.49	100742.20	49821	0	MarySomerville	
40	0:09:33	1/1/2019 	34283	663.00	10.00	14.89	27.49	100742.20	1851	0	MarySomerville	
41	0:09:33	1/1/2019 	34486	106.00	7.00	6.75	27.50	100742.43	1849	0	MarySomerville	
42	0:09:37	1/1/2019 	38152	553.00	8.00	13.31	27.50	100742.48	193736	0	MarySomerville	
43	0:09:37	1/1/2019 	38223	829.00	50.00	22.55	27.50	100742.48	1849	0	MarySomerville	
44	0:09:39	1/1/2019 	40330	782.00	30.00	20.19	27.51	100742.77	99766	0	MarySomerville	
45	0:09:40	1/1/2019 	41210	626.00	9.00	14.33	27.51	100742.51	50571	0	MarySomerville	
46	0:09:40	1/1/2019 	41303	960.00	157.00	40.36	27.51	100742.51	1850	0	MarySomerville	
47	0:09:41	1/1/2019 	42082	155.00	8.00	8.16	27.51	100742.22	49818	0	MarySomerville	
48	0:09:41	1/1/2019 	42552	903.00	107.00	31.35	27.51	100742.05	49819	0	MarySomerville	
49	0:09:42	1/1/2019 	43701	120.00	8.00	7.15	27.52	100742.50	49820	0	MarySomerville	
50	0:09:43	1/1/2019 	44785	617.00	9.00	14.23	27.52	100742.41	51927	0	MarySomerville	
51	0:09:48	1/1/2019 	49702	658.00	10.00	14.86	27.54	100741.29	241710	0	MarySomerville	
52	0:09:48	1/1/2019 	49892	984.00	466.00	82.81	27.54	100741.20	2601	0	MarySomerville	
53	0:09:50	1/1/2019 	51795	522.00	8.00	13.01	27.54	100740.94	97796	0	MarySomerville	
54	0:09:51	1/1/2019 	52068	196.00	8.00	9.21	27.54	100741.14	1848	0	MarySomerville	
55	0:09:51	1/1/2019 	52673	907.00	108.00	31.55	27.54	100740.98	49822	0	MarySomerville	
56	0:09:51	1/1/2019 	52837	155.00	8.00	8.16	27.54	100740.98	3961	0	MarySomerville	
57	0:09:52	1/1/2019 	53866	975.00	356.00	66.96	27.55	100741.27	49818	0	MarySomerville	
58	0:09:52	1/1/2019 	53977	466.00	8.00	12.59	27.55	100741.27	1850	0	MarySomerville	
59	0:09:54	1/1/2019 	55096	124.00	8.00	7.27	27.55	100741.34	49817	0	MarySomerville	
60	0:09:54	1/1/2019 	55716	597.00	9.00	13.99	27.55	100741.00	49819	0	MarySomerville	
61	0:09:55	1/1/2019 	56490	420.00	8.00	12.27	27.55	100741.08	1849	0	MarySomerville	
62	0:09:56	1/1/2019 	57205	697.00	13.00	15.98	27.56	100741.45	51794	0	MarySomerville	
63	0:09:57	1/1/2019 	58639	920.00	122.00	34.30	27.56	100741.20	97791	0	MarySomerville	
64	0:10:01	1/1/2019 	62415	261.00	8.00	10.48	27.57	100740.72	145765	0	MarySomerville	
65	0:10:02	1/1/2019 	63742	473.00	8.00	12.64	27.57	100740.55	98542	0	MarySomerville	
66	0:10:04	1/1/2019 	65051	960.00	183.00	43.69	27.57	100740.95	49819	0	MarySomerville	
67	0:10:04	1/1/2019 	65161	93.00	7.00	6.42	27.57	100740.95	1851	0	MarySomerville	
68	0:10:04	1/1/2019 	65556	68.00	8.00	5.95	27.57	100740.79	51931	0	MarySomerville	
69	0:10:05	1/1/2019 	66326	74.00	7.00	6.03	27.57	100740.86	1847	0	MarySomerville	
70	0:10:06	1/1/2019 	67618	802.00	43.00	21.81	27.57	100741.08	97790	0	MarySomerville	
71	0:10:07	1/1/2019 	68567	499.00	8.00	12.82	27.57	100740.91	49821	0	MarySomerville	
72	0:10:07	1/1/2019 	68995	882.00	79.00	26.25	27.58	100741.28	1850	0	MarySomerville	
73	0:10:12	1/1/2019 	73230	775.00	28.00	19.86	27.58	100740.77	193735	0	MarySomerville	
74	0:10:13	1/1/2019 	74769	450.00	8.00	12.48	27.58	100740.50	100677	0	MarySomerville	
75	0:10:13	1/1/2019 	74943	848.00	60.00	23.63	27.58	100740.17	1849	0	MarySomerville	
76	0:10:14	1/1/2019 	75328	789.00	35.00	20.89	27.58	100740.17	1850	0	MarySomerville	
77	0:10:14	1/1/2019 	75347	785.00	33.00	20.63	27.58	100740.17	1850	0	MarySomerville	
78	0:10:15	1/1/2019 	76478	718.00	16.00	16.97	27.59	100740.08	49821	0	MarySomerville	
79	0:10:16	1/1/2019 	77033	616.00	9.00	14.22	27.59	100740.08	49818	0	MarySomerville	
80	0:10:16	1/1/2019 	77180	157.00	7.00	8.21	27.59	100740.08	3823	0	MarySomerville	
81	0:10:17	1/1/2019 	78848	85.00	7.00	6.23	27.59	100739.79	97790	0	MarySomerville	
82	0:10:17	1/1/2019 	78906	751.00	22.00	18.63	27.59	100739.62	1852	1	MarySomerville	
83	0:10:17	1/1/2019 	78959	963.00	161.00	40.94	27.59	100739.62	1857	0	MarySomerville	
84	0:10:20	1/1/2019 	81037	682.00	12.00	15.60	27.59	100739.61	97796	0	MarySomerville	
85	0:10:20	1/1/2019 	81629	913.00	112.00	32.35	27.59	100739.61	50571	0	MarySomerville	
86	0:10:20	1/1/2019 	81944	784.00	31.00	20.35	27.59	100739.61	4015	0	MarySomerville	
87	0:10:21	1/1/2019 	82292	969.00	283.00	54.44	27.59	100739.61	1850	1	MarySomerville	
88	0:10:22	1/1/2019 	83364	235.00	7.00	10.00	27.60	100739.52	49821	0	MarySomerville	
89	0:10:22	1/1/2019 	83792	571.00	8.00	13.50	27.60	100739.34	49822	0	MarySomerville	
90	0:10:22	1/1/2019 	83843	747.00	19.00	17.89	27.60	100739.34	1847	0	MarySomerville	
91	0:10:25	1/1/2019 	86258	735.00	19.00	17.85	27.60	100739.12	99768	0	MarySomerville	
92	0:10:25	1/1/2019 	86357	690.00	12.00	15.63	27.60	100739.12	1859	0	MarySomerville	
93	0:10:26	1/1/2019 	87098	162.00	8.00	8.35	27.60	100739.50	49823	0	MarySomerville	
94	0:10:27	1/1/2019 	88110	93.00	7.00	6.42	27.61	100739.41	49817	0	MarySomerville	
95	0:10:27	1/1/2019 	88462	841.00	58.00	23.40	27.61	100739.24	1850	0	MarySomerville	
96	0:10:27	1/1/2019 	88615	194.00	8.00	9.16	27.61	100739.24	49819	0	MarySomerville	
97	0:10:27	1/1/2019 	88632	422.00	8.00	12.29	27.61	100739.24	3819	0	MarySomerville	
98	0:10:29	1/1/2019 	90132	590.00	8.00	13.72	27.61	100739.45	49818	0	MarySomerville	
99	0:10:29	1/1/2019 	90681	182.00	8.00	8.87	27.61	100739.45	50568	0	MarySomerville	
100	0:10:31	1/1/2019 	92028	163.00	8.00	8.38	27.61	100739.59	49817	0	MarySomerville	
101	0:10:31	1/1/2019 	92173	561.00	8.00	13.39	27.61	100739.59	1847	0	MarySomerville	
102	0:10:33	1/1/2019 	94750	92.00	7.00	6.39	27.62	100739.17	145759	0	MarySomerville	
103	0:10:35	1/1/2019 	96301	973.00	506.00	87.64	27.62	100739.22	51932	1	MarySomerville	
104	0:10:35	1/1/2019 	96756	886.00	81.00	26.58	27.62	100739.62	49824	0	MarySomerville	
105	0:10:36	1/1/2019 	97280	966.00	218.00	47.10	27.62	100739.78	1855	1	MarySomerville	
106	0:10:36	1/1/2019 	97633	982.00	449.00	80.83	27.62	100740.02	49819	0	MarySomerville	
107	0:10:37	1/1/2019 	98078	763.00	25.00	19.29	27.62	100739.86	1850	0	MarySomerville	
108	0:10:37	1/1/2019 	98188	899.00	97.00	29.42	27.62	100739.86	1850	0	MarySomerville	
109	0:10:37	1/1/2019 	98302	106.00	8.00	6.75	27.62	100739.86	3822	0	MarySomerville	
110	0:10:38	1/1/2019 	99895	906.00	110.00	31.94	27.63	100739.97	97786	0	MarySomerville	
111	0:10:39	1/1/2019 	100282	203.00	7.00	9.35	27.63	100739.97	2600	0	MarySomerville	
112	0:10:39	1/1/2019 	100996	928.00	131.00	36.01	27.63	100739.81	49821	0	MarySomerville	
113	0:10:40	1/1/2019 	101114	920.00	124.00	34.69	27.63	100739.81	1849	0	MarySomerville	
114	0:10:42	1/1/2019 	103255	737.00	18.00	17.60	27.63	100740.25	97789	0	MarySomerville	
115	0:10:43	1/1/2019 	104550	991.00	913.00	181.02	27.64	100740.33	99955	0	MarySomerville	
116	0:10:43	1/1/2019 	104607	136.00	8.00	7.62	27.64	100740.33	1850	0	MarySomerville	
117	0:10:44	1/1/2019 	105322	888.00	84.00	27.08	27.64	100740.16	1847	0	MarySomerville	
118	0:10:44	1/1/2019 	105412	291.00	8.00	10.93	27.64	100740.37	1851	0	MarySomerville	
119	0:10:45	1/1/2019 	106494	471.00	8.00	12.62	27.64	100740.20	49817	0	MarySomerville	
120	0:10:46	1/1/2019 	107439	97.00	7.00	6.51	27.64	100740.27	49818	0	MarySomerville	
121	0:10:47	1/1/2019 	108723	91.00	8.00	6.37	27.64	100740.35	99762	0	MarySomerville	
122	0:10:48	1/1/2019 	109135	869.00	76.00	25.76	27.64	100740.19	1848	0	MarySomerville	
123	0:10:50	1/1/2019 	111880	854.00	66.00	24.35	27.65	100740.30	145762	0	MarySomerville	
124	0:10:51	1/1/2019 	112884	87.00	8.00	6.28	27.65	100740.20	50571	0	MarySomerville	
125	0:10:51	1/1/2019 	112904	910.00	107.00	31.36	27.65	100740.20	1848	0	MarySomerville	
126	0:10:52	1/1/2019 	113858	976.00	568.00	97.91	27.65	100740.61	49821	0	MarySomerville	
127	0:10:53	1/1/2019 	114614	838.00	54.00	22.97	27.66	100741.02	51934	0	MarySomerville	
128	0:10:54	1/1/2019 	115258	97.00	8.00	6.52	27.66	100740.85	1851	0	MarySomerville	
129	0:10:55	1/1/2019 	116721	402.00	8.00	12.14	27.66	100740.92	97789	0	MarySomerville	
130	0:10:56	1/1/2019 	117322	69.00	8.00	5.97	27.66	100740.75	1848	0	MarySomerville	
131	0:10:56	1/1/2019 	117948	700.00	13.00	15.99	27.66	100740.97	49819	0	MarySomerville	
132	0:10:57	1/1/2019 	118355	190.00	8.00	9.07	27.66	100740.97	1849	0	MarySomerville	
133	0:10:58	1/1/2019 	119119	151.00	8.00	8.05	27.66	100740.63	51792	0	MarySomerville	
134	0:10:58	1/1/2019 	119266	114.00	8.00	6.98	27.66	100740.63	1847	0	MarySomerville	
135	0:10:59	1/1/2019 	120074	961.00	182.00	43.58	27.66	100740.84	49818	0	MarySomerville	
136	0:10:59	1/1/2019 	120124	880.00	78.00	26.09	27.66	100740.84	2602	0	MarySomerville	
137	0:10:59	1/1/2019 	120908	645.00	9.00	14.49	27.66	100740.34	49820	0	MarySomerville	
138	0:11:02	1/1/2019 	123166	357.00	8.00	11.73	27.67	100740.33	99900	0	MarySomerville	
139	0:11:02	1/1/2019 	123754	73.00	7.00	6.02	27.67	100740.16	49819	0	MarySomerville	
140	0:11:03	1/1/2019 	124278	575.00	9.00	13.70	27.67	100739.99	1848	0	MarySomerville	
141	0:11:03	1/1/2019 	124755	818.00	49.00	22.43	27.67	100740.03	49822	0	MarySomerville	
142	0:11:06	1/1/2019 	127656	871.00	69.00	24.78	27.68	100739.69	145768	0	MarySomerville	
143	0:11:06	1/1/2019 	127700	151.00	8.00	8.05	27.68	100739.69	1850	0	MarySomerville	
144	0:11:07	1/1/2019 	128053	650.00	10.00	14.80	27.68	100739.69	3875	0	MarySomerville	
145	0:11:09	1/1/2019 	130889	903.00	103.00	30.57	27.68	100739.62	145771	0	MarySomerville	
146	0:11:11	1/1/2019 	132487	665.00	10.00	14.90	27.68	100739.87	50578	0	MarySomerville	
147	0:11:12	1/1/2019 	133265	81.00	8.00	6.15	27.68	100739.70	49823	0	MarySomerville	
148	0:11:12	1/1/2019 	133743	222.00	8.00	9.77	27.69	100740.11	49821	0	MarySomerville	
149	0:11:13	1/1/2019 	134456	969.00	263.00	51.76	27.69	100740.11	1847	0	MarySomerville	
150	0:11:13	1/1/2019 	134979	919.00	117.00	33.33	27.69	100739.95	51935	0	MarySomerville	
151	0:11:14	1/1/2019 	135142	918.00	124.00	34.68	27.69	100739.95	1851	0	MarySomerville	
152	0:11:14	1/1/2019 	135166	861.00	64.00	24.12	27.69	100739.95	1851	0	MarySomerville	
153	0:11:14	1/1/2019 	135902	224.00	8.00	9.81	27.69	100739.85	49819	0	MarySomerville	
154	0:11:15	1/1/2019 	136350	147.00	9.00	7.94	27.69	100739.85	1847	0	MarySomerville	
155	0:11:16	1/1/2019 	137160	870.00	77.00	25.91	27.69	100739.35	49823	0	MarySomerville	
156	0:11:18	1/1/2019 	139052	111.00	7.00	6.89	27.69	100739.94	99769	0	MarySomerville	
157	0:11:18	1/1/2019 	139167	205.00	8.00	9.41	27.69	100739.94	1851	0	MarySomerville	
158	0:11:18	1/1/2019 	139622	641.00	9.00	14.46	27.69	100739.94	49819	0	MarySomerville	
159	0:11:19	1/1/2019 	140726	958.00	169.00	42.02	27.69	100739.77	50574	0	MarySomerville	
160	0:11:21	1/1/2019 	142228	839.00	55.00	23.07	27.69	100739.84	49825	0	MarySomerville	
161	0:11:21	1/1/2019 	142761	512.00	8.00	12.92	27.69	100739.51	49826	0	MarySomerville	
162	0:11:22	1/1/2019 	143057	77.00	7.00	6.08	27.69	100739.34	3957	0	MarySomerville	
163	0:11:23	1/1/2019 	144421	914.00	118.00	33.52	27.70	100739.41	49822	0	MarySomerville	
164	0:11:23	1/1/2019 	144954	675.00	12.00	15.56	27.70	100739.62	49825	0	MarySomerville	
165	0:11:24	1/1/2019 	145616	473.00	8.00	12.64	27.70	100739.45	49827	0	MarySomerville	
166	0:11:24	1/1/2019 	145966	965.00	166.00	41.62	27.70	100739.12	1851	0	MarySomerville	
167	0:11:25	1/1/2019 	146961	805.00	44.00	21.91	27.70	100738.87	49827	0	MarySomerville	
168	0:11:26	1/1/2019 	147377	252.00	8.00	10.33	27.70	100738.87	3825	0	MarySomerville	
169	0:11:26	1/1/2019 	147805	639.00	10.00	14.70	27.70	100738.70	49821	0	MarySomerville	
170	0:11:28	1/1/2019 	149616	91.00	8.00	6.37	27.70	100738.27	97797	0	MarySomerville	
171	0:11:29	1/1/2019 	150045	983.00	655.00	117.52	27.70	100738.11	2598	0	MarySomerville	
172	0:11:29	1/1/2019 	150355	184.00	7.00	8.91	27.70	100738.11	1851	0	MarySomerville	
173	0:11:31	1/1/2019 	152093	914.00	118.00	33.52	27.71	100737.19	99904	0	MarySomerville	
174	0:11:31	1/1/2019 	152462	176.00	7.00	8.71	27.71	100737.23	1851	0	MarySomerville	
175	0:11:31	1/1/2019 	152711	154.00	8.00	8.13	27.71	100737.23	49822	0	MarySomerville	
176	0:11:34	1/1/2019 	155343	957.00	161.00	40.94	27.71	100736.81	97790	0	MarySomerville	
177	0:11:35	1/1/2019 	156445	105.00	7.00	6.72	27.71	100736.88	49826	0	MarySomerville	
178	0:11:36	1/1/2019 	157104	921.00	122.00	34.31	27.71	100736.88	49830	0	MarySomerville	
179	0:11:36	1/1/2019 	157162	238.00	8.00	10.08	27.71	100736.88	3832	0	MarySomerville	
180	0:11:36	1/1/2019 	157947	291.00	8.00	10.93	27.72	100737.28	49823	0	MarySomerville	
181	0:11:37	1/1/2019 	158021	653.00	10.00	14.83	27.72	100737.28	1848	0	MarySomerville	
182	0:11:37	1/1/2019 	158405	927.00	132.00	36.20	27.72	100737.12	1851	0	MarySomerville	
183	0:11:39	1/1/2019 	160282	177.00	7.00	8.74	27.72	100737.16	97796	0	MarySomerville	
184	0:11:39	1/1/2019 	160593	905.00	103.00	30.58	27.72	100736.99	50573	0	MarySomerville	
185	0:11:40	1/1/2019 	161396	981.00	676.00	122.07	27.72	100737.37	3961	0	MarySomerville	
186	0:11:44	1/1/2019 	165298	808.00	44.00	21.92	27.72	100736.11	193735	0	MarySomerville	
187	0:11:49	1/1/2019 	170193	806.00	45.00	22.02	27.73	100735.47	241710	0	MarySomerville	
188	0:11:51	1/1/2019 	172167	543.00	8.00	13.20	27.73	100734.88	98740	0	MarySomerville	
189	0:11:52	1/1/2019 	173165	308.00	8.00	11.17	27.74	100734.95	49826	0	MarySomerville	
190	0:11:52	1/1/2019 	173912	144.00	8.00	7.85	27.74	100734.70	49820	0	MarySomerville	
191	0:11:53	1/1/2019 	174663	122.00	8.00	7.21	27.74	100734.53	51982	0	MarySomerville	
192	0:11:54	1/1/2019 	175658	91.00	7.00	6.37	27.74	100734.20	49820	0	MarySomerville	
193	0:11:55	1/1/2019 	176681	892.00	101.00	30.15	27.74	100734.57	49821	0	MarySomerville	
194	0:11:55	1/1/2019 	176815	233.00	8.00	9.98	27.74	100734.57	1851	0	MarySomerville	
195	0:11:55	1/1/2019 	176876	171.00	8.00	8.59	27.74	100734.57	1846	0	MarySomerville	
196	0:11:56	1/1/2019 	177233	980.00	632.00	112.31	27.74	100734.41	1847	0	MarySomerville	
197	0:11:56	1/1/2019 	177939	470.00	8.00	12.62	27.74	100733.91	51796	0	MarySomerville	
198	0:11:57	1/1/2019 	178712	964.00	204.00	45.81	27.74	100734.15	49821	0	MarySomerville	
199	0:11:58	1/1/2019 	179583	973.00	425.00	77.87	27.75	100734.22	49825	0	MarySomerville	
200	0:11:58	1/1/2019 	179846	917.00	122.00	34.30	27.75	100734.22	2796	0	MarySomerville	
201	0:11:59	1/1/2019 	180292	855.00	68.00	24.61	27.75	100734.39	1850	0	MarySomerville	
202	0:12:00	1/1/2019 	181060	256.00	8.00	10.39	27.75	100734.39	51934	0	MarySomerville	
203	0:12:00	1/1/2019 	181484	963.00	162.00	41.08	27.75	100734.80	1847	0	MarySomerville	
204	0:12:03	1/1/2019 	184611	707.00	14.00	16.33	27.75	100735.54	193739	0	MarySomerville	
205	0:12:04	1/1/2019 	185253	972.00	367.00	68.92	27.75	100735.38	1854	0	MarySomerville	
206	0:12:04	1/1/2019 	185335	108.00	8.00	6.81	27.75	100735.38	1857	0	MarySomerville	
207	0:12:04	1/1/2019 	185764	155.00	8.00	8.16	27.75	100735.38	49826	0	MarySomerville	
208	0:12:05	1/1/2019 	186319	682.00	12.00	15.60	27.76	100735.61	3826	0	MarySomerville	
209	0:12:05	1/1/2019 	186363	367.00	8.00	11.83	27.76	100735.61	1849	0	MarySomerville	
210	0:12:05	1/1/2019 	186553	163.00	8.00	8.38	27.76	100735.45	49820	0	MarySomerville	
211	0:12:05	1/1/2019 	186618	110.00	7.00	6.86	27.76	100735.45	1847	0	MarySomerville	
212	0:12:06	1/1/2019 	187133	611.00	9.00	14.16	27.76	100735.45	1849	0	MarySomerville	
213	0:12:10	1/1/2019 	191688	144.00	8.00	7.85	27.76	100736.12	241712	0	MarySomerville	
214	0:12:12	1/1/2019 	193590	894.00	91.00	28.31	27.77	100736.04	100853	0	MarySomerville	
215	0:12:14	1/1/2019 	195652	75.00	8.00	6.05	27.77	100736.11	97794	0	MarySomerville	
216	0:12:15	1/1/2019 	196638	143.00	7.00	7.81	27.77	100736.48	49818	0	MarySomerville	
217	0:12:17	1/1/2019 	198981	972.00	306.00	58.05	27.77	100736.56	97791	0	MarySomerville	
218	0:12:18	1/1/2019 	199051	148.00	7.00	7.96	27.77	100736.56	1851	0	MarySomerville	
219	0:12:18	1/1/2019 	199232	96.00	7.00	6.49	27.77	100736.56	1849	0	MarySomerville	
220	0:12:18	1/1/2019 	199936	972.00	194.00	44.84	27.78	100736.80	51866	0	MarySomerville	
221	0:12:20	1/1/2019 	201097	507.00	8.00	12.88	27.78	100736.80	50766	0	MarySomerville	
222	0:12:20	1/1/2019 	201611	675.00	11.00	15.26	27.78	100736.62	49824	0	MarySomerville	
223	0:12:21	1/1/2019 	202198	971.00	252.00	50.47	27.78	100736.46	1856	0	MarySomerville	
224	0:12:22	1/1/2019 	203351	738.00	20.00	18.12	27.78	100736.70	49823	0	MarySomerville	
225	0:12:22	1/1/2019 	203367	969.00	186.00	44.01	27.78	100736.70	1851	0	MarySomerville	
226	0:12:22	1/1/2019 	203980	668.00	10.00	14.91	27.78	100736.70	51952	0	MarySomerville	
227	0:12:24	1/1/2019 	205864	974.00	492.00	85.86	27.78	100736.88	97795	0	MarySomerville	
228	0:12:25	1/1/2019 	206053	556.00	8.00	13.34	27.78	100736.71	1856	0	MarySomerville	
229	0:12:25	1/1/2019 	206822	632.00	9.00	14.39	27.78	100737.12	49818	0	MarySomerville	
230	0:12:27	1/1/2019 	208909	837.00	53.00	22.87	27.79	100737.02	97794	0	MarySomerville	
231	0:12:27	1/1/2019 	208945	145.00	8.00	7.87	27.79	100737.02	3844	0	MarySomerville	
232	0:12:29	1/1/2019 	210276	641.00	10.00	14.72	27.79	100737.27	49821	0	MarySomerville	
233	0:12:29	1/1/2019 	210741	585.00	9.00	13.83	27.79	100737.27	50767	0	MarySomerville	
234	0:12:29	1/1/2019 	210842	973.00	279.00	53.87	27.79	100737.27	1850	0	MarySomerville	
235	0:12:33	1/1/2019 	214301	164.00	7.00	8.40	27.79	100737.71	145766	0	MarySomerville	
236	0:12:34	1/1/2019 	215301	834.00	55.00	23.07	27.80	100737.78	49822	0	MarySomerville	
237	0:12:34	1/1/2019 	215364	464.00	8.00	12.58	27.80	100737.78	3982	0	MarySomerville	
238	0:12:35	1/1/2019 	216305	955.00	154.00	39.91	27.80	100737.78	49820	0	MarySomerville	
239	0:12:35	1/1/2019 	216614	830.00	52.00	22.75	27.80	100738.19	49822	0	MarySomerville	
240	0:12:35	1/1/2019 	216954	641.00	10.00	14.72	27.80	100738.02	1850	0	MarySomerville	
241	0:12:38	1/1/2019 	219201	877.00	80.00	26.40	27.80	100738.02	97792	0	MarySomerville	
242	0:12:39	1/1/2019 	220933	112.00	7.00	6.92	27.80	100738.39	97795	0	MarySomerville	
243	0:12:39	1/1/2019 	220950	589.00	8.00	13.71	27.80	100738.39	4901	0	MarySomerville	
244	0:12:41	1/1/2019 	222077	718.00	16.00	16.97	27.80	100738.39	49818	0	MarySomerville	
245	0:12:41	1/1/2019 	222369	185.00	8.00	8.95	27.80	100738.39	1849	0	MarySomerville	
246	0:12:43	1/1/2019 	224363	506.00	9.00	12.98	27.80	100738.30	97790	0	MarySomerville	
247	0:12:47	1/1/2019 	228053	688.00	13.00	15.94	27.81	100738.28	193738	0	MarySomerville	
248	0:12:47	1/1/2019 	228909	317.00	8.00	11.28	27.81	100738.62	49826	0	MarySomerville	
249	0:12:48	1/1/2019 	229352	159.00	8.00	8.27	27.81	100738.45	3822	0	MarySomerville	
250	0:12:49	1/1/2019 	230362	793.00	38.00	21.26	27.81	100738.30	49821	0	MarySomerville	
251	0:12:49	1/1/2019 	230482	137.00	7.00	7.64	27.81	100738.12	2797	0	MarySomerville	
252	0:12:50	1/1/2019 	231297	766.00	24.00	19.10	27.81	100738.53	49825	0	MarySomerville	
253	0:12:51	1/1/2019 	232287	811.00	47.00	22.22	27.81	100738.70	49821	0	MarySomerville	
254	0:12:51	1/1/2019 	232494	966.00	168.00	41.89	27.81	100738.53	1851	0	MarySomerville	
255	0:12:51	1/1/2019 	232862	133.00	8.00	7.53	27.81	100738.53	51931	0	MarySomerville	
256	0:12:51	1/1/2019 	232906	146.00	7.00	7.90	27.81	100738.53	1847	0	MarySomerville	
257	0:12:53	1/1/2019 	234423	594.00	9.00	13.95	27.82	100738.84	49822	0	MarySomerville	
258	0:12:53	1/1/2019 	234710	670.00	11.00	15.23	27.82	100738.84	49821	0	MarySomerville	
259	0:12:55	1/1/2019 	236248	921.00	128.00	35.45	27.82	100738.75	49822	0	MarySomerville	
260	0:12:55	1/1/2019 	236338	727.00	17.00	17.29	27.82	100738.75	3822	0	MarySomerville	
261	0:12:55	1/1/2019 	236402	965.00	176.00	42.88	27.82	100738.75	1849	0	MarySomerville	
262	0:12:55	1/1/2019 	236725	77.00	7.00	6.08	27.82	100738.75	49822	0	MarySomerville	
263	0:12:55	1/1/2019 	236806	806.00	40.00	21.50	27.82	100738.75	1848	1	MarySomerville	
264	0:12:57	1/1/2019 	238382	110.00	8.00	6.86	27.82	100738.79	49822	0	MarySomerville	
265	0:12:58	1/1/2019 	239667	842.00	57.00	23.29	27.83	100739.20	97794	0	MarySomerville	
266	0:12:58	1/1/2019 	239930	914.00	116.00	33.13	27.83	100739.20	4960	0	MarySomerville	
267	0:12:59	1/1/2019 	240431	912.00	117.00	33.32	27.83	100739.60	1850	0	MarySomerville	
268	0:12:59	1/1/2019 	240959	888.00	90.00	28.11	27.83	100739.44	49822	0	MarySomerville	
269	0:13:00	1/1/2019 	241702	163.00	8.00	8.38	27.83	100739.27	49821	0	MarySomerville	
270	0:13:03	1/1/2019 	244464	874.00	77.00	25.92	27.84	100739.45	97793	0	MarySomerville	
271	0:13:04	1/1/2019 	245355	802.00	42.00	21.70	27.84	100739.29	49822	0	MarySomerville	
272	0:13:05	1/1/2019 	246713	962.00	191.00	44.54	27.84	100739.36	99769	0	MarySomerville	
273	0:13:06	1/1/2019 	247446	96.00	7.00	6.49	27.84	100738.86	1850	0	MarySomerville	
274	0:13:06	1/1/2019 	247764	789.00	27.00	19.71	27.84	100738.86	49820	0	MarySomerville	
275	0:13:06	1/1/2019 	247795	157.00	8.00	8.21	27.84	100738.86	1850	0	MarySomerville	
276	0:13:07	1/1/2019 	248311	721.00	16.00	16.98	27.84	100738.70	1848	0	MarySomerville	
277	0:13:07	1/1/2019 	248835	80.00	8.00	6.14	27.84	100739.08	49820	0	MarySomerville	
278	0:13:07	1/1/2019 	248931	254.00	7.00	10.34	27.84	100739.08	3819	0	MarySomerville	
279	0:13:09	1/1/2019 	250444	222.00	9.00	9.78	27.84	100739.28	49822	0	MarySomerville	
280	0:13:09	1/1/2019 	250570	968.00	221.00	47.38	27.84	100739.28	50768	0	MarySomerville	
281	0:13:10	1/1/2019 	251289	845.00	60.00	23.62	27.84	100739.11	1850	0	MarySomerville	
282	0:13:10	1/1/2019 	251764	904.00	98.00	29.62	27.85	100739.52	49823	1	MarySomerville	
283	0:13:10	1/1/2019 	251807	115.00	7.00	7.00	27.85	100739.52	1850	0	MarySomerville	
284	0:13:10	1/1/2019 	251957	145.00	7.00	7.87	27.85	100739.52	3959	0	MarySomerville	
285	0:13:11	1/1/2019 	252129	102.00	7.00	6.64	27.85	100739.52	1849	0	MarySomerville	
286	0:13:13	1/1/2019 	254448	751.00	21.00	18.40	27.85	100739.76	97796	0	MarySomerville	
287	0:13:14	1/1/2019 	255010	178.00	8.00	8.77	27.85	100739.59	49821	0	MarySomerville	
288	0:13:14	1/1/2019 	255452	182.00	8.00	8.87	27.85	100739.42	1848	0	MarySomerville	
289	0:13:15	1/1/2019 	256815	684.00	12.00	15.61	27.85	100739.50	97791	0	MarySomerville	
290	0:13:16	1/1/2019 	257042	797.00	34.00	20.78	27.85	100739.33	3824	0	MarySomerville	
291	0:13:16	1/1/2019 	257808	127.00	8.00	7.35	27.85	100739.33	49821	0	MarySomerville	
292	0:13:18	1/1/2019 	259938	150.00	8.00	8.02	27.85	100739.20	97791	0	MarySomerville	
293	0:13:19	1/1/2019 	260953	78.00	7.00	6.10	27.86	100739.61	50765	0	MarySomerville	
294	0:13:21	1/1/2019 	262552	793.00	37.00	21.14	27.86	100739.45	97795	0	MarySomerville	
295	0:13:22	1/1/2019 	263103	308.00	8.00	11.17	27.86	100740.02	4015	0	MarySomerville	
296	0:13:22	1/1/2019 	263731	183.00	8.00	8.90	27.86	100739.85	49818	0	MarySomerville	
297	0:13:24	1/1/2019 	265325	178.00	8.00	8.77	27.86	100739.52	49819	0	MarySomerville	
298	0:13:24	1/1/2019 	265352	914.00	113.00	32.55	27.86	100739.52	1850	0	MarySomerville	
299	0:13:24	1/1/2019 	265617	803.00	40.00	21.50	27.86	100739.92	49823	0	MarySomerville	
300	0:13:24	1/1/2019 	265727	943.00	149.00	39.13	27.86	100739.92	1850	1	MarySomerville	
301	0:13:25	1/1/2019 	266286	464.00	8.00	12.58	27.86	100739.76	3823	0	MarySomerville	
302	0:13:25	1/1/2019 	266316	515.00	8.00	12.95	27.86	100739.76	1848	0	MarySomerville	
303	0:13:25	1/1/2019 	266343	149.00	8.00	7.99	27.86	100739.76	1847	0	MarySomerville	
304	0:13:26	1/1/2019 	267360	754.00	23.00	18.86	27.86	100739.76	49823	0	MarySomerville	
305	0:13:26	1/1/2019 	267920	851.00	57.00	23.31	27.86	100739.80	49826	0	MarySomerville	
306	0:13:27	1/1/2019 	268438	72.00	7.00	6.00	27.86	100739.80	1850	0	MarySomerville	
307	0:13:28	1/1/2019 	269337	625.00	9.00	14.32	27.87	100740.20	51801	0	MarySomerville	
308	0:13:29	1/1/2019 	270449	623.00	9.00	14.30	27.87	100740.61	49829	0	MarySomerville	
309	0:13:30	1/1/2019 	271038	808.00	45.00	22.02	27.87	100740.45	50771	0	MarySomerville	
310	0:13:30	1/1/2019 	271468	108.00	8.00	6.81	27.87	100740.11	1851	0	MarySomerville	
311	0:13:30	1/1/2019 	271966	720.00	15.00	16.67	27.87	100740.48	49822	0	MarySomerville	
312	0:13:31	1/1/2019 	272094	75.00	7.00	6.05	27.87	100740.48	1850	0	MarySomerville	
313	0:13:32	1/1/2019 	273702	977.00	438.00	79.52	27.87	100740.70	99911	0	MarySomerville	
314	0:13:32	1/1/2019 	273997	928.00	135.00	36.74	27.87	100740.70	1852	0	MarySomerville	
315	0:13:33	1/1/2019 	274689	964.00	194.00	44.84	27.87	100740.70	49826	0	MarySomerville	
316	0:13:34	1/1/2019 	275383	801.00	38.00	21.27	27.88	100740.94	1850	0	MarySomerville	
317	0:13:34	1/1/2019 	275601	81.00	8.00	6.15	27.88	100741.09	49827	0	MarySomerville	
318	0:13:35	1/1/2019 	276325	962.00	186.00	44.01	27.88	100741.27	1847	0	MarySomerville	
319	0:13:35	1/1/2019 	276920	522.00	8.00	13.01	27.88	100741.67	51798	0	MarySomerville	
320	0:13:37	1/1/2019 	278735	726.00	17.00	17.28	27.88	100741.74	97796	0	MarySomerville	
321	0:13:39	1/1/2019 	279999	970.00	369.00	69.27	27.88	100741.74	49829	0	MarySomerville	
322	0:13:39	1/1/2019 	280124	535.00	8.00	13.13	27.88	100741.74	2797	0	MarySomerville	
323	0:13:39	1/1/2019 	280593	643.00	9.00	14.48	27.88	100741.78	49823	0	MarySomerville	
324	0:13:39	1/1/2019 	280770	167.00	7.00	8.48	27.88	100741.78	1849	0	MarySomerville	
325	0:13:41	1/1/2019 	282136	157.00	8.00	8.21	27.89	100741.86	51987	0	MarySomerville	
326	0:13:43	1/1/2019 	284959	889.00	92.00	28.47	27.89	100741.77	145771	0	MarySomerville	
327	0:13:44	1/1/2019 	285423	833.00	54.00	22.96	27.89	100741.77	1850	0	MarySomerville	
328	0:13:44	1/1/2019 	285676	900.00	96.00	29.24	27.89	100741.77	49826	0	MarySomerville	
329	0:13:46	1/1/2019 	287100	118.00	8.00	7.09	27.89	100741.84	49823	0	MarySomerville	
330	0:13:47	1/1/2019 	288335	132.00	7.00	7.49	27.89	100741.50	51796	0	MarySomerville	
331	0:13:48	1/1/2019 	289173	582.00	9.00	13.79	27.89	100741.34	49826	0	MarySomerville	
332	0:13:48	1/1/2019 	289836	119.00	7.00	7.12	27.89	100741.55	49829	0	MarySomerville	
333	0:13:48	1/1/2019 	289941	968.00	166.00	41.62	27.89	100741.38	2796	0	MarySomerville	
334	0:13:49	1/1/2019 	290738	581.00	8.00	13.62	27.89	100741.38	49833	0	MarySomerville	
335	0:13:50	1/1/2019 	291350	821.00	49.00	22.44	27.90	100741.78	1853	0	MarySomerville	
336	0:13:50	1/1/2019 	291400	109.00	7.00	6.83	27.90	100741.78	3962	0	MarySomerville	
337	0:13:51	1/1/2019 	292466	99.00	8.00	6.57	27.90	100741.86	49823	0	MarySomerville	
338	0:13:52	1/1/2019 	293497	768.00	28.00	19.84	27.90	100741.52	49821	0	MarySomerville	
339	0:13:53	1/1/2019 	294409	763.00	29.00	19.99	27.90	100741.73	49825	0	MarySomerville	
340	0:13:53	1/1/2019 	294455	125.00	7.00	7.29	27.90	100741.73	1851	0	MarySomerville	
341	0:13:53	1/1/2019 	294656	579.00	8.00	13.59	27.90	100741.73	49822	1	MarySomerville	
342	0:13:53	1/1/2019 	294666	977.00	346.00	65.15	27.90	100741.73	3820	0	MarySomerville	
343	0:13:53	1/1/2019 	294784	218.00	7.00	9.67	27.90	100741.73	1850	0	MarySomerville	
344	0:13:54	1/1/2019 	295890	969.00	301.00	57.22	27.90	100741.56	49824	0	MarySomerville	
345	0:13:55	1/1/2019 	296499	856.00	62.00	23.87	27.90	100741.97	1852	0	MarySomerville	
346	0:13:57	1/1/2019 	298737	827.00	54.00	22.95	27.91	100742.34	145790	0	MarySomerville	
347	0:13:57	1/1/2019 	299555	80.00	7.00	6.13	27.91	100742.59	49826	0	MarySomerville	
348	0:13:57	1/1/2019 	299588	843.00	63.00	23.97	27.91	100742.59	4903	0	MarySomerville	
349	0:13:57	1/1/2019 	299624	981.00	566.00	97.50	27.91	100742.59	1851	1	MarySomerville	
350	0:13:58	1/1/2019 	300590	251.00	8.00	10.31	27.91	100742.59	49825	0	MarySomerville	
351	0:13:59	1/1/2019 	301464	381.00	8.00	11.96	27.91	100742.83	1848	0	MarySomerville	
352	0:14:01	1/1/2019 	302969	914.00	120.00	33.91	27.91	100743.23	97801	1	MarySomerville	
353	0:14:01	1/1/2019 	303221	973.00	289.00	55.33	27.91	100743.23	1851	0	MarySomerville	
354	0:14:02	1/1/2019 	304571	959.00	161.00	40.94	27.92	100743.77	99826	0	MarySomerville	
355	0:14:02	1/1/2019 	304648	613.00	9.00	14.18	27.92	100743.77	1851	0	MarySomerville	
356	0:14:03	1/1/2019 	305058	803.00	42.00	21.71	27.92	100743.60	1850	0	MarySomerville	
357	0:14:03	1/1/2019 	305164	856.00	65.00	24.23	27.92	100743.60	1852	0	MarySomerville	
358	0:14:05	1/1/2019 	306860	382.00	8.00	11.97	27.92	100743.67	97799	0	MarySomerville	
359	0:14:05	1/1/2019 	307354	618.00	9.00	14.24	27.92	100743.67	1848	0	MarySomerville	
360	0:14:06	1/1/2019 	307810	898.00	97.00	29.42	27.92	100743.34	51799	0	MarySomerville	
361	0:14:07	1/1/2019 	309038	852.00	61.00	23.75	27.92	100743.41	49827	0	MarySomerville	
362	0:14:07	1/1/2019 	309313	390.00	8.00	12.04	27.92	100743.41	1851	0	MarySomerville	
363	0:14:08	1/1/2019 	310720	954.00	158.00	40.51	27.92	100743.31	97799	0	MarySomerville	
364	0:14:09	1/1/2019 	310882	98.00	7.00	6.54	27.92	100743.31	2795	0	MarySomerville	
365	0:14:09	1/1/2019 	311559	216.00	7.00	9.63	27.92	100743.16	51933	0	MarySomerville	
366	0:14:10	1/1/2019 	311906	211.00	8.00	9.54	27.92	100743.16	1849	0	MarySomerville	
367	0:14:10	1/1/2019 	311946	636.00	9.00	14.42	27.92	100742.98	1848	0	MarySomerville	
368	0:14:14	1/1/2019 	315739	163.00	8.00	8.38	27.93	100743.11	193748	0	MarySomerville	
369	0:14:14	1/1/2019 	316230	906.00	110.00	31.94	27.93	100743.11	1849	0	MarySomerville	
370	0:14:15	1/1/2019 	316824	520.00	8.00	12.99	27.93	100743.48	49825	0	MarySomerville	
371	0:14:15	1/1/2019 	317226	76.00	7.00	6.06	27.93	100743.48	3766	0	MarySomerville	
372	0:14:17	1/1/2019 	318815	164.00	8.00	8.40	27.93	100743.38	97795	0	MarySomerville	
373	0:14:17	1/1/2019 	318826	983.00	533.00	91.58	27.93	100743.38	1849	0	MarySomerville	
374	0:14:18	1/1/2019 	320140	204.00	8.00	9.39	27.93	100743.05	49826	0	MarySomerville	
375	0:14:18	1/1/2019 	320442	821.00	46.00	22.14	27.93	100742.89	2598	0	MarySomerville	
376	0:14:19	1/1/2019 	320921	72.00	8.00	6.00	27.93	100743.26	49826	0	MarySomerville	
377	0:14:20	1/1/2019 	322189	772.00	30.00	20.17	27.93	100742.92	53118	0	MarySomerville	
378	0:14:21	1/1/2019 	322799	859.00	67.00	24.49	27.94	100743.33	49825	0	MarySomerville	
379	0:14:22	1/1/2019 	323939	850.00	61.00	23.75	27.94	100743.56	49828	0	MarySomerville	
380	0:14:22	1/1/2019 	324229	136.00	7.00	7.61	27.94	100743.56	1850	0	MarySomerville	
381	0:14:22	1/1/2019 	324293	635.00	9.00	14.41	27.94	100743.56	1848	0	MarySomerville	
382	0:14:23	1/1/2019 	325008	270.00	8.00	10.62	27.94	100743.23	49824	0	MarySomerville	
383	0:14:24	1/1/2019 	326252	984.00	692.00	125.05	27.94	100743.64	51798	0	MarySomerville	
384	0:14:26	1/1/2019 	328581	762.00	26.00	19.47	27.94	100743.52	145780	0	MarySomerville	
385	0:14:28	1/1/2019 	330016	763.00	23.00	18.88	27.95	100743.59	49829	0	MarySomerville	
386	0:14:28	1/1/2019 	330155	816.00	46.00	22.13	27.95	100743.59	2600	0	MarySomerville	
387	0:14:28	1/1/2019 	330628	912.00	105.00	30.98	27.95	100743.59	49825	0	MarySomerville	
388	0:14:29	1/1/2019 	331331	946.00	153.00	39.76	27.95	100744.00	1850	0	MarySomerville	
389	0:14:29	1/1/2019 	331493	133.00	8.00	7.53	27.95	100743.83	3962	0	MarySomerville	
390	0:14:29	1/1/2019 	331661	93.00	7.00	6.42	27.95	100743.83	49822	0	MarySomerville	
391	0:14:30	1/1/2019 	331898	97.00	7.00	6.51	27.95	100743.83	1849	0	MarySomerville	
392	0:14:30	1/1/2019 	332272	957.00	158.00	40.51	27.95	100744.00	1850	0	MarySomerville	
393	0:14:30	1/1/2019 	332553	843.00	56.00	23.19	27.95	100744.00	49824	0	MarySomerville	
394	0:14:30	1/1/2019 	332700	701.00	13.00	15.99	27.95	100744.00	3823	0	MarySomerville	
395	0:14:31	1/1/2019 	333196	971.00	294.00	56.10	27.95	100744.00	1850	1	MarySomerville	
396	0:14:32	1/1/2019 	333796	453.00	8.00	12.50	27.95	100744.40	49826	1	MarySomerville	
397	0:14:32	1/1/2019 	334485	778.00	28.00	19.87	27.95	100744.40	1850	0	MarySomerville	
398	0:14:33	1/1/2019 	335610	660.00	10.00	14.87	27.95	100744.77	97801	0	MarySomerville	
399	0:14:34	1/1/2019 	335904	916.00	123.00	34.49	27.95	100744.77	1852	0	MarySomerville	
400	0:14:34	1/1/2019 	336086	979.00	509.00	88.04	27.95	100744.77	3823	0	MarySomerville	
401	0:14:34	1/1/2019 	336090	906.00	106.00	31.16	27.95	100744.77	1851	0	MarySomerville	
402	0:14:36	1/1/2019 	337863	897.00	99.00	29.79	27.96	100744.84	97798	0	MarySomerville	
403	0:14:40	1/1/2019 	342444	638.00	9.00	14.44	27.96	100745.33	193751	0	MarySomerville	
404	0:14:41	1/1/2019 	342992	117.00	8.00	7.06	27.96	100745.33	50576	0	MarySomerville	
405	0:14:42	1/1/2019 	343813	890.00	94.00	28.84	27.96	100745.17	49824	0	MarySomerville	
406	0:14:42	1/1/2019 	344070	134.00	8.00	7.56	27.96	100745.00	3961	0	MarySomerville	
407	0:14:42	1/1/2019 	344102	793.00	31.00	20.37	27.96	100745.00	1848	0	MarySomerville	
408	0:14:42	1/1/2019 	344372	936.00	147.00	38.81	27.96	100745.00	1849	0	MarySomerville	
409	0:14:42	1/1/2019 	344646	753.00	24.00	19.06	27.97	100745.41	49826	0	MarySomerville	
410	0:14:43	1/1/2019 	345672	637.00	10.00	14.68	27.97	100745.08	49824	0	MarySomerville	
411	0:14:45	1/1/2019 	346870	914.00	118.00	33.52	27.97	100745.15	49827	0	MarySomerville	
412	0:14:46	1/1/2019 	348168	78.00	7.00	6.10	27.97	100745.39	51799	0	MarySomerville	
413	0:14:46	1/1/2019 	348587	974.00	274.00	53.18	27.97	100745.22	49826	0	MarySomerville	
414	0:14:47	1/1/2019 	348768	873.00	75.00	25.62	27.97	100745.22	1850	0	MarySomerville	
415	0:14:47	1/1/2019 	349309	550.00	8.00	13.28	27.97	100745.05	1851	0	MarySomerville	
416	0:14:47	1/1/2019 	349369	981.00	431.00	78.65	27.97	100745.05	1847	0	MarySomerville	
417	0:14:47	1/1/2019 	349486	172.00	10.00	8.63	27.97	100745.05	1851	0	MarySomerville	
418	0:14:48	1/1/2019 	350058	211.00	8.00	9.54	27.97	100745.30	51798	0	MarySomerville	
419	0:14:50	1/1/2019 	352354	656.00	10.00	14.85	27.98	100745.00	98548	0	MarySomerville	
420	0:14:51	1/1/2019 	353081	92.00	7.00	6.39	27.98	100745.24	49827	0	MarySomerville	
421	0:14:52	1/1/2019 	354075	983.00	811.00	143.82	27.98	100744.91	49827	0	MarySomerville	
422	0:14:53	1/1/2019 	355374	786.00	35.00	20.89	27.98	100744.98	49826	0	MarySomerville	
423	0:14:55	1/1/2019 	356809	877.00	87.00	27.55	27.98	100744.48	99910	0	MarySomerville	
424	0:14:55	1/1/2019 	357724	90.00	7.00	6.34	27.98	100744.39	49826	0	MarySomerville	
425	0:14:56	1/1/2019 	358109	338.00	8.00	11.53	27.98	100744.23	1848	0	MarySomerville	
426	0:14:56	1/1/2019 	358195	557.00	8.00	13.35	27.98	100744.23	1848	0	MarySomerville	
427	0:14:56	1/1/2019 	358448	116.00	7.00	7.03	27.98	100743.89	1847	0	MarySomerville	
428	0:14:57	1/1/2019 	359065	152.00	8.00	8.07	27.98	100743.89	49824	0	MarySomerville	
429	0:14:57	1/1/2019 	359607	93.00	7.00	6.42	27.99	100744.10	51795	0	MarySomerville	
430	0:14:59	1/1/2019 	361410	785.00	32.00	20.49	27.99	100743.77	50574	0	MarySomerville	
431	0:15:00	1/1/2019 	361973	357.00	8.00	11.73	27.99	100743.98	49824	0	MarySomerville	
432	0:15:01	1/1/2019 	362967	787.00	33.00	20.63	27.99	100744.38	49824	0	MarySomerville	
433	0:15:01	1/1/2019 	363281	972.00	283.00	54.44	27.99	100744.38	1851	0	MarySomerville	
434	0:15:01	1/1/2019 	363560	685.00	12.00	15.61	27.99	100744.05	49824	0	MarySomerville	
435	0:15:03	1/1/2019 	365217	730.00	19.00	17.84	27.99	100744.29	51934	0	MarySomerville	
436	0:15:03	1/1/2019 	365318	590.00	9.00	13.90	27.99	100744.29	1851	0	MarySomerville	
437	0:15:04	1/1/2019 	366606	277.00	8.00	10.73	27.99	100744.29	97800	0	MarySomerville	
438	0:15:05	1/1/2019 	367114	775.00	28.00	19.86	28.00	100744.66	1849	0	MarySomerville	
439	0:15:06	1/1/2019 	368229	144.00	8.00	7.85	28.00	100744.83	49825	0	MarySomerville	
440	0:15:07	1/1/2019 	369226	791.00	37.00	21.14	28.00	100745.23	49823	0	MarySomerville	
441	0:15:07	1/1/2019 	369472	937.00	143.00	38.14	28.00	100745.23	3824	0	MarySomerville	
442	0:15:09	1/1/2019 	370933	563.00	8.00	13.41	28.00	100745.30	97800	0	MarySomerville	
443	0:15:09	1/1/2019 	370956	93.00	7.00	6.42	28.00	100745.30	2598	0	MarySomerville	
444	0:15:09	1/1/2019 	371138	979.00	454.00	81.43	28.00	100745.30	1849	0	MarySomerville	
445	0:15:09	1/1/2019 	371327	80.00	7.00	6.13	28.00	100745.30	1850	0	MarySomerville	
446	0:15:09	1/1/2019 	371724	671.00	11.00	15.24	28.00	100745.14	49821	1	MarySomerville	
447	0:15:10	1/1/2019 	371899	971.00	302.00	57.39	28.00	100745.14	3961	0	MarySomerville	
448	0:15:10	1/1/2019 	371966	926.00	127.00	35.26	28.00	100745.14	1851	0	MarySomerville	
449	0:15:10	1/1/2019 	372629	296.00	8.00	11.00	28.00	100745.55	49824	0	MarySomerville	
450	0:15:11	1/1/2019 	373105	77.00	7.00	6.08	28.00	100745.55	1848	0	MarySomerville	
451	0:15:11	1/1/2019 	373375	90.00	7.00	6.34	28.00	100745.55	1849	0	MarySomerville	
452	0:15:13	1/1/2019 	374794	194.00	7.00	9.15	28.00	100745.55	97797	0	MarySomerville	
453	0:15:14	1/1/2019 	376264	238.00	8.00	10.08	28.01	100745.42	51798	0	MarySomerville	
454	0:15:15	1/1/2019 	376963	80.00	8.00	6.14	28.01	100745.49	49822	0	MarySomerville	
455	0:15:16	1/1/2019 	377854	875.00	80.00	26.39	28.01	100745.16	49823	0	MarySomerville	
456	0:15:16	1/1/2019 	378476	936.00	146.00	38.64	28.01	100745.16	1850	0	MarySomerville	
457	0:15:17	1/1/2019 	378824	507.00	8.00	12.88	28.01	100745.16	49825	0	MarySomerville	
458	0:15:18	1/1/2019 	380110	889.00	83.00	26.91	28.01	100745.40	49825	0	MarySomerville	
459	0:15:20	1/1/2019 	382150	965.00	222.00	47.47	28.01	100744.81	100745	0	MarySomerville	
460	0:15:21	1/1/2019 	382991	973.00	306.00	58.05	28.02	100744.69	49824	0	MarySomerville	
461	0:15:21	1/1/2019 	383132	74.00	8.00	6.03	28.02	100744.69	1851	0	MarySomerville	
462	0:15:22	1/1/2019 	383821	861.00	69.00	24.76	28.02	100744.35	49818	0	MarySomerville	
463	0:15:23	1/1/2019 	385094	711.00	15.00	16.65	28.02	100744.39	49826	0	MarySomerville	
464	0:15:26	1/1/2019 	387832	315.00	8.00	11.26	28.02	100744.38	147752	0	MarySomerville	
465	0:15:26	1/1/2019 	388186	489.00	8.00	12.75	28.02	100744.38	1856	0	MarySomerville	
466	0:15:29	1/1/2019 	390791	881.00	87.00	27.56	28.03	100744.48	145779	0	MarySomerville	
467	0:15:29	1/1/2019 	391010	125.00	8.00	7.29	28.03	100744.16	2600	0	MarySomerville	
468	0:15:30	1/1/2019 	391811	785.00	28.00	19.88	28.03	100743.98	49820	0	MarySomerville	
469	0:15:32	1/1/2019 	394272	712.00	12.00	15.66	28.03	100743.23	97803	0	MarySomerville	
470	0:15:34	1/1/2019 	396074	959.00	170.00	42.15	28.04	100743.02	99911	0	MarySomerville	
471	0:15:34	1/1/2019 	396197	699.00	13.00	15.98	28.04	100743.02	1851	0	MarySomerville	
472	0:15:34	1/1/2019 	396688	941.00	144.00	38.31	28.04	100742.85	49824	0	MarySomerville	
473	0:15:35	1/1/2019 	397015	91.00	8.00	6.37	28.04	100742.85	1850	0	MarySomerville	
474	0:15:36	1/1/2019 	398189	981.00	646.00	115.53	28.04	100742.52	49824	0	MarySomerville	
475	0:15:37	1/1/2019 	399172	628.00	9.00	14.35	28.04	100742.59	49827	0	MarySomerville	
476	0:15:37	1/1/2019 	399471	730.00	17.00	17.30	28.04	100742.42	3824	0	MarySomerville	
477	0:15:37	1/1/2019 	399664	685.00	12.00	15.61	28.04	100742.42	49827	1	MarySomerville	
478	0:15:38	1/1/2019 	399871	92.00	7.00	6.39	28.04	100742.42	2598	0	MarySomerville	
479	0:15:38	1/1/2019 	400659	182.00	7.00	8.86	28.04	100742.33	49824	0	MarySomerville	
480	0:15:39	1/1/2019 	401133	421.00	7.00	12.21	28.04	100742.33	1849	0	MarySomerville	
481	0:15:39	1/1/2019 	401336	80.00	12.00	6.14	28.04	100742.33	1850	0	MarySomerville	
482	0:15:41	1/1/2019 	402770	196.00	7.00	9.20	28.04	100742.00	99906	0	MarySomerville	
483	0:15:42	1/1/2019 	404683	193.00	7.00	9.13	28.04	100741.73	97798	0	MarySomerville	
484	0:15:43	1/1/2019 	404870	954.00	159.00	40.65	28.04	100741.73	1850	0	MarySomerville	
485	0:15:44	1/1/2019 	406337	111.00	7.00	6.89	28.05	100741.45	49825	0	MarySomerville	
486	0:15:45	1/1/2019 	407176	780.00	32.00	20.48	28.05	100741.28	49824	0	MarySomerville	
487	0:15:46	1/1/2019 	407878	812.00	47.00	22.22	28.05	100741.49	49823	0	MarySomerville	
488	0:15:47	1/1/2019 	408830	70.00	8.00	5.98	28.05	100741.49	51851	0	MarySomerville	
489	0:15:50	1/1/2019 	412034	67.00	8.00	5.94	28.06	100741.71	145772	0	MarySomerville	
490	0:15:51	1/1/2019 	413208	333.00	8.00	11.47	28.06	100741.38	50575	0	MarySomerville	
491	0:15:52	1/1/2019 	414008	85.00	7.00	6.23	28.06	100741.59	49828	0	MarySomerville	
492	0:15:53	1/1/2019 	415346	961.00	182.00	43.58	28.06	100741.66	49827	0	MarySomerville	
493	0:15:54	1/1/2019 	415968	444.00	8.00	12.44	28.06	100741.33	51937	1	MarySomerville	
494	0:15:54	1/1/2019 	416308	393.00	8.00	12.06	28.06	100741.33	1849	0	MarySomerville	
495	0:15:55	1/1/2019 	416779	228.00	8.00	9.89	28.06	100741.56	49822	0	MarySomerville	
496	0:15:56	1/1/2019 	418025	973.00	323.00	60.99	28.06	100741.06	49823	0	MarySomerville	
497	0:15:57	1/1/2019 	419041	788.00	33.00	20.64	28.07	100740.97	49828	0	MarySomerville	
498	0:15:57	1/1/2019 	419083	626.00	9.00	14.33	28.07	100740.97	1850	0	MarySomerville	
499	0:15:58	1/1/2019 	420089	378.00	8.00	11.93	28.07	100740.97	51797	0	MarySomerville	
500	0:16:00	1/1/2019 	422359	79.00	8.00	6.12	28.07	100741.42	98545	0	MarySomerville	
501	0:16:01	1/1/2019 	422917	378.00	8.00	11.93	28.07	100741.25	49822	0	MarySomerville	
502	0:16:05	1/1/2019 	427379	884.00	88.00	27.75	28.08	100741.53	193750	0	MarySomerville	
503	0:16:05	1/1/2019 	427475	611.00	8.00	13.95	28.08	100741.73	1851	0	MarySomerville	
504	0:16:06	1/1/2019 	428645	903.00	108.00	31.54	28.08	100741.58	97800	0	MarySomerville	
505	0:16:07	1/1/2019 	429254	106.00	7.00	6.75	28.08	100741.58	3963	0	MarySomerville	
506	0:16:08	1/1/2019 	430557	85.00	7.00	6.23	28.08	100742.05	97799	0	MarySomerville	
507	0:16:11	1/1/2019 	432798	518.00	8.00	12.97	28.09	100742.29	98550	0	MarySomerville	
508	0:16:11	1/1/2019 	433304	204.00	8.00	9.39	28.09	100742.45	1849	0	MarySomerville	
509	0:16:13	1/1/2019 	435679	451.00	8.00	12.49	28.09	100742.83	145771	0	MarySomerville	
510	0:16:14	1/1/2019 	435754	106.00	7.00	6.75	28.09	100742.83	1848	0	MarySomerville	
511	0:16:15	1/1/2019 	437633	518.00	8.00	12.97	28.09	100742.73	99910	0	MarySomerville	
512	0:16:16	1/1/2019 	437939	256.00	7.00	10.37	28.09	100742.57	1849	0	MarySomerville	
513	0:16:16	1/1/2019 	438225	817.00	45.00	22.04	28.09	100742.57	1850	0	MarySomerville	
514	0:16:17	1/1/2019 	438822	741.00	19.00	17.87	28.09	100742.73	49825	1	MarySomerville	
515	0:16:17	1/1/2019 	439056	86.00	8.00	6.26	28.09	100742.73	1852	0	MarySomerville	
516	0:16:18	1/1/2019 	440046	902.00	92.00	28.51	28.09	100742.80	49822	0	MarySomerville	
517	0:16:18	1/1/2019 	440369	786.00	32.00	20.49	28.09	100742.80	4717	0	MarySomerville	
518	0:16:21	1/1/2019 	442839	77.00	7.00	6.08	28.10	100743.22	145775	0	MarySomerville	
519	0:16:28	1/1/2019 	450079	966.00	272.00	52.91	28.10	100742.57	337677	0	MarySomerville	
520	0:16:28	1/1/2019 	450157	234.00	8.00	10.00	28.10	100742.57	2601	0	MarySomerville	
521	0:16:29	1/1/2019 	451062	789.00	32.00	20.50	28.11	100742.80	49822	0	MarySomerville	
522	0:16:30	1/1/2019 	451923	454.00	8.00	12.51	28.11	100742.31	49823	0	MarySomerville	
523	0:16:30	1/1/2019 	452388	964.00	172.00	42.40	28.11	100742.31	3959	0	MarySomerville	
524	0:16:33	1/1/2019 	454834	124.00	8.00	7.27	28.11	100742.06	145771	0	MarySomerville	
525	0:16:34	1/1/2019 	455851	756.00	21.00	18.41	28.11	100741.73	49823	0	MarySomerville	
526	0:16:37	1/1/2019 	458735	284.00	8.00	10.83	28.12	100742.20	145775	0	MarySomerville	
527	0:16:41	1/1/2019 	463231	461.00	8.00	12.56	28.12	100741.98	193751	0	MarySomerville	
528	0:16:42	1/1/2019 	464185	749.00	22.00	18.62	28.12	100742.23	52689	0	MarySomerville	
529	0:16:44	1/1/2019 	465764	923.00	124.00	34.69	28.12	100741.89	97799	0	MarySomerville	
530	0:16:44	1/1/2019 	465994	102.00	8.00	6.65	28.12	100741.56	1851	0	MarySomerville	
531	0:16:44	1/1/2019 	466112	953.00	152.00	39.60	28.12	100741.56	1847	0	MarySomerville	
532	0:16:46	1/1/2019 	467954	544.00	8.00	13.21	28.13	100742.17	97798	0	MarySomerville	
533	0:16:47	1/1/2019 	468790	599.00	9.00	14.01	28.13	100742.01	49825	0	MarySomerville	
534	0:16:47	1/1/2019 	469332	792.00	37.00	21.14	28.13	100741.84	3824	0	MarySomerville	
535	0:16:49	1/1/2019 	471001	122.00	7.00	7.20	28.13	100741.91	97800	0	MarySomerville	
536	0:16:50	1/1/2019 	472314	915.00	123.00	34.49	28.13	100741.59	50576	0	MarySomerville	
537	0:16:50	1/1/2019 	472432	357.00	7.00	11.68	28.13	100741.79	1850	0	MarySomerville	
538	0:16:50	1/1/2019 	472498	170.00	7.00	8.56	28.13	100741.79	1849	0	MarySomerville	
539	0:16:50	1/1/2019 	472618	181.00	7.00	8.84	28.13	100741.79	49824	0	MarySomerville	
540	0:16:52	1/1/2019 	474653	144.00	8.00	7.85	28.13	100741.46	99911	0	MarySomerville	
541	0:16:53	1/1/2019 	475088	106.00	7.00	6.75	28.13	100741.46	1848	0	MarySomerville	
542	0:16:53	1/1/2019 	475278	697.00	13.00	15.98	28.13	100741.46	1851	0	MarySomerville	
543	0:16:54	1/1/2019 	476589	95.00	8.00	6.47	28.14	100741.53	97798	0	MarySomerville	
544	0:16:55	1/1/2019 	476934	198.00	8.00	9.25	28.14	100741.37	1848	0	MarySomerville	
545	0:16:56	1/1/2019 	478148	844.00	66.00	24.33	28.14	100741.27	49822	0	MarySomerville	
546	0:16:57	1/1/2019 	478939	80.00	7.00	6.13	28.14	100741.48	51799	0	MarySomerville	
547	0:16:57	1/1/2019 	479046	954.00	161.00	40.94	28.14	100741.48	1850	0	MarySomerville	
548	0:16:57	1/1/2019 	479325	923.00	133.00	36.37	28.14	100741.48	1850	0	MarySomerville	
549	0:17:02	1/1/2019 	483765	683.00	12.00	15.61	28.15	100740.96	241723	0	MarySomerville	
550	0:17:03	1/1/2019 	484813	121.00	7.00	7.18	28.15	100741.20	50574	0	MarySomerville	
551	0:17:04	1/1/2019 	486218	97.00	7.00	6.51	28.15	100741.03	49825	0	MarySomerville	
552	0:17:07	1/1/2019 	488911	120.00	7.00	7.15	28.15	100741.58	147937	0	MarySomerville	
553	0:17:08	1/1/2019 	490328	79.00	7.00	6.12	28.15	100742.14	49826	0	MarySomerville	
554	0:17:09	1/1/2019 	490808	895.00	98.00	29.60	28.15	100742.14	50574	0	MarySomerville	
555	0:17:10	1/1/2019 	492028	177.00	8.00	8.75	28.16	100742.55	49825	0	MarySomerville	
556	0:17:12	1/1/2019 	493851	930.00	134.00	36.56	28.16	100742.62	97800	0	MarySomerville	
557	0:17:13	1/1/2019 	495635	973.00	387.00	72.30	28.16	100742.29	97809	0	MarySomerville	
558	0:17:15	1/1/2019 	497037	956.00	161.00	40.94	28.16	100742.00	51938	0	MarySomerville	
559	0:17:16	1/1/2019 	498278	87.00	6.00	6.28	28.16	100741.50	49824	0	MarySomerville	
560	0:17:16	1/1/2019 	498665	92.00	7.00	6.39	28.16	100741.71	49824	0	MarySomerville	
561	0:17:16	1/1/2019 	498702	123.00	7.00	7.23	28.16	100741.71	1848	0	MarySomerville	
562	0:17:17	1/1/2019 	498880	568.00	8.00	13.47	28.16	100741.71	1850	0	MarySomerville	
563	0:17:17	1/1/2019 	498925	381.00	8.00	11.96	28.16	100741.54	3821	0	MarySomerville	
564	0:17:17	1/1/2019 	499428	891.00	93.00	28.66	28.16	100741.38	1850	0	MarySomerville	
565	0:17:17	1/1/2019 	499431	989.00	628.00	111.24	28.16	100741.38	1858	0	MarySomerville	
566	0:17:18	1/1/2019 	500570	73.00	7.00	6.02	28.16	100741.05	97808	0	MarySomerville	
567	0:17:18	1/1/2019 	500611	961.00	170.00	42.15	28.16	100741.05	2795	0	MarySomerville	
568	0:17:19	1/1/2019 	501000	748.00	23.00	18.84	28.17	100741.28	1850	1	MarySomerville	
569	0:17:19	1/1/2019 	501300	70.00	8.00	5.98	28.17	100741.28	3961	0	MarySomerville	
570	0:17:21	1/1/2019 	503549	150.00	8.00	8.02	28.17	100740.69	145778	0	MarySomerville	
571	0:17:23	1/1/2019 	504737	881.00	79.00	26.25	28.17	100740.36	49826	0	MarySomerville	
572	0:17:23	1/1/2019 	505422	199.00	7.00	9.26	28.17	100740.57	1851	0	MarySomerville	
573	0:17:24	1/1/2019 	506017	69.00	8.00	5.97	28.17	100740.40	49826	0	MarySomerville	
574	0:17:24	1/1/2019 	506182	910.00	106.00	31.17	28.17	100740.40	1848	0	MarySomerville	
575	0:17:26	1/1/2019 	508255	962.00	166.00	41.62	28.17	100739.81	99775	0	MarySomerville	
576	0:17:27	1/1/2019 	509464	784.00	31.00	20.35	28.18	100739.88	49827	0	MarySomerville	
577	0:17:28	1/1/2019 	510306	961.00	167.00	41.76	28.18	100739.72	49828	0	MarySomerville	
578	0:17:30	1/1/2019 	512445	174.00	8.00	8.67	28.18	100739.29	98749	0	MarySomerville	
579	0:17:31	1/1/2019 	513492	90.00	8.00	6.35	28.18	100739.16	49823	0	MarySomerville	
580	0:17:32	1/1/2019 	514113	970.00	250.00	50.25	28.18	100739.00	49823	0	MarySomerville	
581	0:17:33	1/1/2019 	515344	86.00	8.00	6.26	28.18	100739.41	51937	0	MarySomerville	
582	0:17:33	1/1/2019 	515365	891.00	62.00	23.94	28.18	100739.41	1848	0	MarySomerville	
583	0:17:35	1/1/2019 	517454	126.00	7.00	7.32	28.19	100738.81	97803	0	MarySomerville	
584	0:17:39	1/1/2019 	521099	207.00	8.00	9.45	28.19	100738.77	193755	0	MarySomerville	
585	0:17:39	1/1/2019 	521358	122.00	7.00	7.20	28.19	100738.77	2793	0	MarySomerville	
586	0:17:41	1/1/2019 	522937	133.00	8.00	7.53	28.19	100738.97	97800	0	MarySomerville	
587	0:17:41	1/1/2019 	523125	108.00	8.00	6.81	28.19	100738.97	3960	0	MarySomerville	
588	0:17:42	1/1/2019 	523858	651.00	10.00	14.81	28.19	100738.80	49823	0	MarySomerville	
589	0:17:42	1/1/2019 	523866	114.00	7.00	6.97	28.19	100738.80	1851	0	MarySomerville	
590	0:17:42	1/1/2019 	524203	967.00	186.00	44.01	28.19	100738.80	1849	0	MarySomerville	
591	0:17:45	1/1/2019 	527589	764.00	26.00	19.48	28.20	100738.61	193757	0	MarySomerville	
592	0:17:47	1/1/2019 	529144	963.00	169.00	42.02	28.20	100738.49	49829	0	MarySomerville	
593	0:17:48	1/1/2019 	529792	897.00	102.00	30.36	28.20	100738.49	51800	0	MarySomerville	
594	0:17:50	1/1/2019 	532234	780.00	31.00	20.34	28.20	100738.73	98747	0	MarySomerville	
595	0:17:50	1/1/2019 	532499	77.00	8.00	6.08	28.20	100738.73	1852	0	MarySomerville	
596	0:17:50	1/1/2019 	532666	838.00	54.00	22.97	28.20	100738.73	49840	0	MarySomerville	
597	0:17:52	1/1/2019 	533859	428.00	8.00	12.33	28.20	100738.39	49826	0	MarySomerville	
598	0:17:53	1/1/2019 	535269	121.00	8.00	7.18	28.20	100738.14	51989	0	MarySomerville	
599	0:17:54	1/1/2019 	536406	914.00	119.00	33.72	28.20	100737.47	49826	0	MarySomerville	
600	0:17:55	1/1/2019 	536904	99.00	7.00	6.57	28.20	100737.31	49828	0	MarySomerville	
601	0:17:55	1/1/2019 	537573	558.00	8.00	13.36	28.21	100737.22	49825	0	MarySomerville	
602	0:17:55	1/1/2019 	537595	980.00	483.00	84.79	28.21	100737.22	1848	0	MarySomerville	
603	0:17:56	1/1/2019 	538137	272.00	8.00	10.65	28.21	100737.22	1850	0	MarySomerville	
604	0:17:56	1/1/2019 	538356	968.00	177.00	43.00	28.21	100737.22	3822	0	MarySomerville	
605	0:17:56	1/1/2019 	538371	89.00	7.00	6.32	28.21	100737.22	1850	0	MarySomerville	
606	0:17:57	1/1/2019 	539211	767.00	28.00	19.84	28.21	100737.42	49827	0	MarySomerville	
607	0:17:57	1/1/2019 	539626	516.00	8.00	12.96	28.21	100737.09	49827	0	MarySomerville	
608	0:17:58	1/1/2019 	540579	890.00	80.00	26.43	28.21	100737.00	50766	0	MarySomerville	
609	0:17:59	1/1/2019 	540896	954.00	163.00	41.22	28.21	100737.00	1851	0	MarySomerville	
610	0:18:00	1/1/2019 	541951	71.00	7.00	5.99	28.21	100736.67	51937	0	MarySomerville	
611	0:18:00	1/1/2019 	541979	159.00	7.00	8.26	28.21	100736.67	1850	0	MarySomerville	
612	0:18:00	1/1/2019 	542584	901.00	96.00	29.24	28.21	100736.50	49826	0	MarySomerville	
613	0:18:01	1/1/2019 	542848	108.00	8.00	6.81	28.21	100736.50	1848	0	MarySomerville	
614	0:18:01	1/1/2019 	543333	216.00	8.00	9.65	28.21	100736.33	1847	0	MarySomerville	
615	0:18:02	1/1/2019 	544586	96.00	7.00	6.49	28.21	100736.41	97798	0	MarySomerville	
616	0:18:04	1/1/2019 	546670	78.00	8.00	6.10	28.22	100736.14	99775	0	MarySomerville	
617	0:18:05	1/1/2019 	547264	912.00	115.00	32.93	28.22	100736.14	1848	0	MarySomerville	
618	0:18:07	1/1/2019 	549078	70.00	7.00	5.98	28.22	100736.22	97804	0	MarySomerville	
619	0:18:08	1/1/2019 	550023	771.00	29.00	20.01	28.22	100736.05	49829	1	MarySomerville	
620	0:18:08	1/1/2019 	550711	134.00	7.00	7.55	28.22	100736.39	50771	0	MarySomerville	
621	0:18:10	1/1/2019 	551761	98.00	7.00	6.54	28.22	100736.39	49824	0	MarySomerville	
622	0:18:10	1/1/2019 	552264	118.00	7.00	7.09	28.22	100736.23	3961	0	MarySomerville	
623	0:18:11	1/1/2019 	553151	104.00	7.00	6.70	28.22	100736.13	49823	0	MarySomerville	
624	0:18:13	1/1/2019 	554858	175.00	7.00	8.69	28.22	100735.64	97799	0	MarySomerville	
625	0:18:13	1/1/2019 	554967	274.00	8.00	10.68	28.23	100735.88	1853	0	MarySomerville	
626	0:18:13	1/1/2019 	555272	986.00	583.00	101.06	28.23	100735.88	1855	0	MarySomerville	
627	0:18:14	1/1/2019 	555799	916.00	121.00	34.11	28.23	100736.05	49829	0	MarySomerville	
628	0:18:14	1/1/2019 	556337	964.00	177.00	43.00	28.23	100735.88	3881	0	MarySomerville	
629	0:18:15	1/1/2019 	557445	567.00	9.00	13.60	28.23	100735.95	49830	0	MarySomerville	
630	0:18:15	1/1/2019 	557470	870.00	72.00	25.19	28.23	100735.95	1850	0	MarySomerville	
631	0:18:16	1/1/2019 	558484	359.00	8.00	11.75	28.23	100735.95	49825	0	MarySomerville	
632	0:18:17	1/1/2019 	559612	865.00	71.00	25.03	28.23	100736.16	97802	1	MarySomerville	
633	0:18:18	1/1/2019 	560484	206.00	8.00	9.43	28.23	100735.98	4905	0	MarySomerville	
634	0:18:19	1/1/2019 	561215	198.00	8.00	9.25	28.23	100735.98	49825	0	MarySomerville	
635	0:18:22	1/1/2019 	564079	930.00	138.00	37.28	28.23	100736.39	145773	0	MarySomerville	
636	0:18:24	1/1/2019 	566029	969.00	298.00	56.74	28.24	100736.80	97799	0	MarySomerville	
637	0:18:24	1/1/2019 	566410	927.00	129.00	35.64	28.24	100736.80	1851	0	MarySomerville	
638	0:18:25	1/1/2019 	567429	764.00	28.00	19.83	28.24	100737.04	49825	1	MarySomerville	
639	0:18:27	1/1/2019 	568837	98.00	7.00	6.54	28.24	100736.88	99777	0	MarySomerville	
640	0:18:27	1/1/2019 	569264	689.00	13.00	15.94	28.24	100737.04	1855	0	MarySomerville	
641	0:18:27	1/1/2019 	569615	602.00	9.00	14.05	28.24	100737.04	49828	0	MarySomerville	
642	0:18:28	1/1/2019 	569973	351.00	8.00	11.67	28.24	100737.24	2794	0	MarySomerville	
643	0:18:29	1/1/2019 	571617	759.00	26.00	19.46	28.24	100737.08	97800	1	MarySomerville	
644	0:18:30	1/1/2019 	572029	93.00	7.00	6.42	28.24	100736.91	1850	0	MarySomerville	
645	0:18:31	1/1/2019 	573339	834.00	53.00	22.86	28.24	100736.41	51936	0	MarySomerville	
646	0:18:31	1/1/2019 	573610	135.00	8.00	7.59	28.24	100736.82	49827	0	MarySomerville	
647	0:18:31	1/1/2019 	573628	588.00	9.00	13.87	28.24	100736.82	1847	0	MarySomerville	
648	0:18:34	1/1/2019 	576606	281.00	8.00	10.79	28.25	100736.39	145775	0	MarySomerville	
649	0:18:35	1/1/2019 	576843	793.00	38.00	21.26	28.25	100736.39	1848	0	MarySomerville	
650	0:18:36	1/1/2019 	578690	794.00	39.00	21.37	28.25	100736.13	97801	0	MarySomerville	
651	0:18:37	1/1/2019 	579220	153.00	8.00	8.10	28.25	100735.97	3824	0	MarySomerville	
652	0:18:41	1/1/2019 	583481	132.00	7.00	7.49	28.25	100735.48	193752	0	MarySomerville	
653	0:18:43	1/1/2019 	584799	972.00	317.00	59.93	28.25	100735.38	98745	0	MarySomerville	
654	0:18:45	1/1/2019 	586924	192.00	7.00	9.10	28.26	100734.96	97801	0	MarySomerville	
655	0:18:45	1/1/2019 	586937	829.00	55.00	23.06	28.26	100734.96	1851	0	MarySomerville	
656	0:18:48	1/1/2019 	590144	158.00	7.00	8.23	28.26	100734.53	145775	0	MarySomerville	
657	0:18:48	1/1/2019 	590633	164.00	7.00	8.40	28.26	100734.20	52889	0	MarySomerville	
658	0:18:49	1/1/2019 	590854	436.00	8.00	12.39	28.26	100734.20	1850	0	MarySomerville	
659	0:18:50	1/1/2019 	592679	97.00	7.00	6.51	28.26	100733.91	97799	0	MarySomerville	
660	0:18:50	1/1/2019 	592686	909.00	101.00	30.20	28.26	100733.91	1850	0	MarySomerville	
661	0:18:51	1/1/2019 	593271	140.00	7.00	7.73	28.26	100733.58	1850	0	MarySomerville	
662	0:18:51	1/1/2019 	593389	964.00	162.00	41.08	28.26	100733.58	1851	0	MarySomerville	
663	0:18:53	1/1/2019 	595602	362.00	8.00	11.78	28.27	100733.39	147748	0	MarySomerville	
664	0:18:54	1/1/2019 	595852	883.00	78.00	26.10	28.27	100733.39	1850	0	MarySomerville	
665	0:18:54	1/1/2019 	595859	916.00	113.00	32.55	28.27	100733.39	1851	0	MarySomerville	
666	0:18:54	1/1/2019 	596193	121.00	7.00	7.18	28.27	100733.39	1850	0	MarySomerville	
667	0:18:54	1/1/2019 	596550	970.00	185.00	43.91	28.27	100733.23	49825	0	MarySomerville	
668	0:18:55	1/1/2019 	597402	742.00	20.00	18.13	28.27	100733.06	3824	0	MarySomerville	
669	0:18:56	1/1/2019 	598613	85.00	8.00	6.24	28.27	100732.73	97802	0	MarySomerville	
670	0:18:59	1/1/2019 	600191	910.00	117.00	33.32	28.27	100732.30	49824	0	MarySomerville	
671	0:18:59	1/1/2019 	600766	649.00	10.00	14.80	28.27	100732.52	50772	0	MarySomerville	
672	0:19:00	1/1/2019 	601724	965.00	190.00	44.43	28.27	100732.18	49825	0	MarySomerville	
673	0:19:00	1/1/2019 	601884	912.00	113.00	32.54	28.27	100732.18	1851	0	MarySomerville	
674	0:19:01	1/1/2019 	602411	129.00	7.00	7.41	28.27	100732.18	4014	0	MarySomerville	
675	0:19:01	1/1/2019 	603086	906.00	107.00	31.36	28.27	100732.42	49825	0	MarySomerville	
676	0:19:02	1/1/2019 	603930	401.00	12.00	12.36	28.27	100732.09	49826	0	MarySomerville	
677	0:19:02	1/1/2019 	603952	75.00	8.00	6.05	28.27	100732.09	1850	0	MarySomerville	
678	0:19:04	1/1/2019 	605610	159.00	7.00	8.26	28.28	100731.99	97798	0	MarySomerville	
679	0:19:04	1/1/2019 	605685	967.00	198.00	45.23	28.28	100731.99	1850	0	MarySomerville	
680	0:19:04	1/1/2019 	606149	965.00	170.00	42.15	28.28	100731.83	3824	0	MarySomerville	
681	0:19:05	1/1/2019 	607187	973.00	357.00	67.14	28.28	100731.83	49825	0	MarySomerville	
682	0:19:06	1/1/2019 	607750	832.00	54.00	22.96	28.28	100731.83	49827	0	MarySomerville	
683	0:19:07	1/1/2019 	608772	962.00	188.00	44.23	28.28	100732.06	49828	0	MarySomerville	
684	0:19:09	1/1/2019 	610288	98.00	8.00	6.54	28.28	100732.23	49829	0	MarySomerville	
685	0:19:10	1/1/2019 	611963	976.00	423.00	77.60	28.28	100732.15	98742	0	MarySomerville	
686	0:19:11	1/1/2019 	613115	368.00	8.00	11.84	28.28	100731.65	51936	0	MarySomerville	
687	0:19:13	1/1/2019 	614744	630.00	9.00	14.37	28.28	100731.65	97796	0	MarySomerville	
688	0:19:14	1/1/2019 	615214	742.00	21.00	18.37	28.29	100732.22	1850	0	MarySomerville	
689	0:19:14	1/1/2019 	615252	205.00	8.00	9.41	28.29	100732.22	1851	0	MarySomerville	
690	0:19:14	1/1/2019 	615420	577.00	9.00	13.73	28.29	100732.05	1846	0	MarySomerville	
691	0:19:14	1/1/2019 	615672	918.00	114.00	32.75	28.29	100732.05	49824	0	MarySomerville	
692	0:19:14	1/1/2019 	615805	881.00	76.00	25.79	28.29	100732.05	3823	0	MarySomerville	
693	0:19:15	1/1/2019 	616250	978.00	522.00	89.86	28.29	100731.89	1850	0	MarySomerville	
694	0:19:15	1/1/2019 	616320	88.00	7.00	6.30	28.29	100731.89	1851	0	MarySomerville	
695	0:19:16	1/1/2019 	617415	179.00	8.00	8.80	28.29	100731.95	49822	0	MarySomerville	
696	0:19:16	1/1/2019 	617857	883.00	78.00	26.10	28.29	100731.95	49823	0	MarySomerville	
697	0:19:17	1/1/2019 	618443	171.00	8.00	8.59	28.29	100732.03	3823	0	MarySomerville	
698	0:19:17	1/1/2019 	618587	962.00	167.00	41.76	28.29	100732.03	49823	0	MarySomerville	
699	0:19:17	1/1/2019 	618643	187.00	8.00	8.99	28.29	100732.03	1851	0	MarySomerville	
700	0:19:17	1/1/2019 	618994	94.00	8.00	6.44	28.29	100731.87	1847	0	MarySomerville	
701	0:19:18	1/1/2019 	619986	983.00	751.00	134.46	28.29	100731.70	49823	0	MarySomerville	
702	0:19:18	1/1/2019 	620165	166.00	7.00	8.45	28.29	100731.70	2795	0	MarySomerville	
703	0:19:19	1/1/2019 	620388	968.00	209.00	46.27	28.29	100731.70	4014	0	MarySomerville	
704	0:19:19	1/1/2019 	621096	722.00	16.00	16.98	28.29	100731.58	49827	0	MarySomerville	
705	0:19:20	1/1/2019 	621213	420.00	8.00	12.27	28.29	100731.58	1848	0	MarySomerville	
706	0:19:21	1/1/2019 	622269	320.00	8.00	11.32	28.29	100731.25	49822	0	MarySomerville	
707	0:19:21	1/1/2019 	622299	898.00	96.00	29.23	28.29	100731.25	1849	0	MarySomerville	
708	0:19:22	1/1/2019 	623241	81.00	6.00	6.15	28.29	100731.08	49824	0	MarySomerville	
709	0:19:22	1/1/2019 	623301	979.00	413.00	76.23	28.29	100731.08	3822	0	MarySomerville	
710	0:19:22	1/1/2019 	623407	174.00	8.00	8.67	28.29	100731.08	1850	0	MarySomerville	
711	0:19:22	1/1/2019 	623684	403.00	8.00	12.14	28.30	100731.31	49821	0	MarySomerville	
712	0:19:22	1/1/2019 	623824	90.00	7.00	6.34	28.30	100731.31	1848	0	MarySomerville	
713	0:19:22	1/1/2019 	624089	354.00	8.00	11.70	28.30	100731.31	1849	0	MarySomerville	
714	0:19:22	1/1/2019 	624131	920.00	125.00	34.88	28.30	100731.31	1849	0	MarySomerville	
715	0:19:24	1/1/2019 	625550	796.00	38.00	21.26	28.30	100730.98	99777	0	MarySomerville	
716	0:19:24	1/1/2019 	625758	920.00	117.00	33.34	28.30	100730.98	1851	0	MarySomerville	
717	0:19:26	1/1/2019 	627555	417.00	8.00	12.25	28.30	100730.89	97804	0	MarySomerville	
718	0:19:27	1/1/2019 	628725	142.00	7.00	7.78	28.30	100731.12	49828	0	MarySomerville	
719	0:19:28	1/1/2019 	629752	914.00	121.00	34.10	28.30	100731.12	49836	0	MarySomerville	
720	0:19:31	1/1/2019 	633176	912.00	117.00	33.32	28.30	100730.34	146727	0	MarySomerville	
721	0:19:32	1/1/2019 	633808	930.00	141.00	37.80	28.31	100730.58	51938	0	MarySomerville	
722	0:19:34	1/1/2019 	635928	164.00	8.00	8.40	28.31	100730.16	97802	0	MarySomerville	
723	0:19:34	1/1/2019 	636171	685.00	12.00	15.61	28.31	100730.16	1848	0	MarySomerville	
724	0:19:36	1/1/2019 	637765	636.00	9.00	14.42	28.31	100730.36	97799	0	MarySomerville	
725	0:19:38	1/1/2019 	639302	113.00	8.00	6.95	28.31	100729.70	49828	0	MarySomerville	
726	0:19:38	1/1/2019 	639865	887.00	81.00	26.58	28.31	100730.06	51799	1	MarySomerville	
727	0:19:38	1/1/2019 	640005	558.00	8.00	13.36	28.31	100729.73	2794	0	MarySomerville	
728	0:19:38	1/1/2019 	640100	141.00	7.00	7.76	28.31	100729.73	1848	0	MarySomerville	
729	0:19:39	1/1/2019 	640771	160.00	7.00	8.29	28.31	100729.57	49823	0	MarySomerville	
730	0:19:40	1/1/2019 	641494	73.00	7.00	6.02	28.31	100729.41	1850	0	MarySomerville	
731	0:19:41	1/1/2019 	642326	893.00	92.00	28.48	28.31	100729.41	49823	0	MarySomerville	
732	0:19:41	1/1/2019 	642789	929.00	135.00	36.74	28.31	100729.41	51990	1	MarySomerville	
733	0:19:45	1/1/2019 	646773	158.00	8.00	8.24	28.32	100729.55	193755	0	MarySomerville	
734	0:19:46	1/1/2019 	647949	890.00	97.00	29.39	28.32	100729.22	49824	0	MarySomerville	
735	0:19:48	1/1/2019 	649495	664.00	10.00	14.89	28.32	100729.45	49826	0	MarySomerville	
736	0:19:48	1/1/2019 	649640	893.00	99.00	29.78	28.32	100729.45	49827	0	MarySomerville	
737	0:19:49	1/1/2019 	650678	740.00	20.00	18.12	28.32	100729.45	50770	0	MarySomerville	
738	0:19:49	1/1/2019 	650810	72.00	8.00	6.00	28.32	100729.45	3961	0	MarySomerville	
739	0:19:49	1/1/2019 	651064	724.00	17.00	17.28	28.32	100729.45	1848	0	MarySomerville	
740	0:19:49	1/1/2019 	651072	130.00	2.00	7.42	28.32	100729.45	1849	0	MarySomerville	
741	0:19:50	1/1/2019 	651864	912.00	115.00	32.93	28.32	100729.83	49822	0	MarySomerville	
742	0:19:50	1/1/2019 	651895	704.00	13.00	16.00	28.32	100729.83	1851	0	MarySomerville	
743	0:19:50	1/1/2019 	652164	821.00	50.00	22.54	28.32	100730.00	1849	0	MarySomerville	
744	0:19:51	1/1/2019 	652202	744.00	19.00	17.88	28.32	100730.00	3768	0	MarySomerville	
745	0:19:54	1/1/2019 	656044	960.00	164.00	41.35	28.33	100730.97	193753	0	MarySomerville	
746	0:19:57	1/1/2019 	658230	177.00	8.00	8.75	28.33	100731.05	97803	0	MarySomerville	
747	0:19:57	1/1/2019 	658777	616.00	9.00	14.22	28.33	100731.05	49825	0	MarySomerville	
748	0:19:57	1/1/2019 	659112	764.00	25.00	19.29	28.33	100731.05	1850	0	MarySomerville	
749	0:19:57	1/1/2019 	659150	592.00	9.00	13.92	28.33	100731.05	1851	0	MarySomerville	
750	0:19:58	1/1/2019 	659384	101.00	8.00	6.62	28.33	100731.05	6256	0	MarySomerville	
751	0:19:58	1/1/2019 	660023	256.00	8.00	10.39	28.33	100731.05	49826	0	MarySomerville	
752	0:19:58	1/1/2019 	660121	916.00	113.00	32.55	28.33	100731.05	2597	0	MarySomerville	
753	0:20:00	1/1/2019 	661405	189.00	8.00	9.04	28.33	100730.92	49825	0	MarySomerville	
754	0:20:00	1/1/2019 	661735	929.00	132.00	36.20	28.33	100730.75	49823	0	MarySomerville	
755	0:20:01	1/1/2019 	663125	921.00	130.00	35.82	28.34	100730.83	49826	0	MarySomerville	
756	0:20:02	1/1/2019 	663622	101.00	8.00	6.62	28.34	100730.66	51936	0	MarySomerville	
757	0:20:04	1/1/2019 	665222	189.00	7.00	9.03	28.34	100730.49	49823	0	MarySomerville	
758	0:20:04	1/1/2019 	665682	266.00	8.00	10.56	28.34	100730.73	49825	0	MarySomerville	
759	0:20:04	1/1/2019 	666145	959.00	164.00	41.35	28.34	100730.40	1849	0	MarySomerville	
760	0:20:06	1/1/2019 	667742	917.00	117.00	33.33	28.34	100730.60	97797	0	MarySomerville	
761	0:20:06	1/1/2019 	668073	346.00	8.00	11.62	28.34	100730.60	3824	0	MarySomerville	
762	0:20:08	1/1/2019 	669248	778.00	30.00	20.19	28.34	100730.27	49822	0	MarySomerville	
763	0:20:09	1/1/2019 	670667	786.00	34.00	20.76	28.34	100730.15	97803	0	MarySomerville	
764	0:20:09	1/1/2019 	670762	616.00	9.00	14.22	28.34	100730.15	2600	0	MarySomerville	
765	0:20:09	1/1/2019 	671089	604.00	9.00	14.07	28.34	100729.98	1850	0	MarySomerville	
766	0:20:10	1/1/2019 	671871	719.00	16.00	16.97	28.34	100729.98	49824	0	MarySomerville	
767	0:20:11	1/1/2019 	672829	405.00	8.00	12.16	28.35	100730.05	51934	0	MarySomerville	
768	0:20:12	1/1/2019 	673794	697.00	13.00	15.98	28.35	100729.72	49822	0	MarySomerville	
769	0:20:12	1/1/2019 	673975	457.00	8.00	12.53	28.35	100729.72	1851	0	MarySomerville	
770	0:20:15	1/1/2019 	676412	487.00	8.00	12.73	28.35	100729.46	97797	0	MarySomerville	
771	0:20:15	1/1/2019 	676831	691.00	12.00	15.64	28.35	100729.46	49824	0	MarySomerville	
772	0:20:15	1/1/2019 	677041	134.00	8.00	7.56	28.35	100729.70	1849	0	MarySomerville	
773	0:20:17	1/1/2019 	678594	185.00	7.00	8.94	28.35	100729.53	99772	0	MarySomerville	
774	0:20:19	1/1/2019 	680493	652.00	10.00	14.82	28.35	100729.41	49826	0	MarySomerville	
775	0:20:19	1/1/2019 	680748	859.00	62.00	23.88	28.35	100729.41	50577	1	MarySomerville	
776	0:20:19	1/1/2019 	680876	970.00	277.00	53.59	28.35	100729.41	1850	1	MarySomerville	
777	0:20:19	1/1/2019 	681106	738.00	19.00	17.86	28.35	100729.41	1851	0	MarySomerville	
778	0:20:19	1/1/2019 	681176	857.00	68.00	24.61	28.35	100729.41	1849	0	MarySomerville	
779	0:20:21	1/1/2019 	682246	721.00	16.00	16.98	28.35	100729.41	51991	1	MarySomerville	
780	0:20:21	1/1/2019 	682274	878.00	87.00	27.55	28.35	100729.41	1850	0	MarySomerville	
781	0:20:21	1/1/2019 	682315	443.00	8.00	12.43	28.35	100729.41	1849	0	MarySomerville	
782	0:20:22	1/1/2019 	683447	413.00	8.00	12.22	28.36	100729.65	49824	0	MarySomerville	
783	0:20:24	1/1/2019 	685214	878.00	84.00	27.05	28.36	100729.48	97800	0	MarySomerville	
784	0:20:24	1/1/2019 	685252	745.00	21.00	18.38	28.36	100729.48	1851	0	MarySomerville	
785	0:20:25	1/1/2019 	686613	850.00	69.00	24.73	28.36	100729.55	99773	0	MarySomerville	
786	0:20:26	1/1/2019 	687638	965.00	180.00	43.35	28.36	100729.39	49827	0	MarySomerville	
787	0:20:27	1/1/2019 	688464	781.00	31.00	20.34	28.36	100729.80	1852	0	MarySomerville	
788	0:20:29	1/1/2019 	690984	143.00	7.00	7.81	28.36	100729.95	145781	0	MarySomerville	
789	0:20:30	1/1/2019 	691306	145.00	7.00	7.87	28.36	100729.95	2600	0	MarySomerville	
790	0:20:30	1/1/2019 	691762	966.00	172.00	42.40	28.36	100729.80	51935	0	MarySomerville	
791	0:20:31	1/1/2019 	692755	253.00	8.00	10.34	28.36	100730.00	49826	0	MarySomerville	
792	0:20:31	1/1/2019 	692847	972.00	227.00	47.93	28.36	100730.00	1849	0	MarySomerville	
793	0:20:32	1/1/2019 	693907	267.00	8.00	10.57	28.36	100729.83	49826	0	MarySomerville	
794	0:20:34	1/1/2019 	695669	126.00	7.00	7.32	28.37	100730.07	97798	0	MarySomerville	
795	0:20:35	1/1/2019 	696249	811.00	50.00	22.52	28.37	100730.24	1852	0	MarySomerville	
796	0:20:35	1/1/2019 	696959	712.00	14.00	16.34	28.37	100730.07	51799	0	MarySomerville	
797	0:20:36	1/1/2019 	697334	954.00	156.00	40.21	28.37	100730.07	1850	0	MarySomerville	
798	0:20:36	1/1/2019 	697704	863.00	68.00	24.63	28.37	100730.07	49827	0	MarySomerville	
799	0:20:37	1/1/2019 	698257	672.00	11.00	15.24	28.37	100730.07	1850	0	MarySomerville	
800	0:20:37	1/1/2019 	698367	89.00	8.00	6.32	28.37	100730.07	1850	0	MarySomerville	
801	0:20:37	1/1/2019 	698874	176.00	7.00	8.71	28.37	100730.07	49823	0	MarySomerville	
802	0:20:38	1/1/2019 	699750	431.00	8.00	12.35	28.37	100730.48	51799	0	MarySomerville	
803	0:20:39	1/1/2019 	700331	120.00	8.00	7.15	28.37	100730.48	2598	0	MarySomerville	
804	0:20:39	1/1/2019 	700853	197.00	11.00	9.26	28.37	100730.48	49825	0	MarySomerville	
805	0:20:39	1/1/2019 	701104	205.00	8.00	9.41	28.37	100730.48	1849	0	MarySomerville	
806	0:20:39	1/1/2019 	701161	951.00	153.00	39.76	28.37	100730.48	1846	0	MarySomerville	
807	0:20:41	1/1/2019 	702681	85.00	7.00	6.23	28.37	100730.69	97801	0	MarySomerville	
808	0:20:41	1/1/2019 	702917	136.00	8.00	7.62	28.37	100730.69	4015	0	MarySomerville	
809	0:20:42	1/1/2019 	703607	132.00	7.00	7.49	28.37	100730.69	49823	0	MarySomerville	
810	0:20:42	1/1/2019 	703680	101.00	7.00	6.62	28.37	100730.69	1850	0	MarySomerville	
811	0:20:45	1/1/2019 	706919	886.00	88.00	27.75	28.37	100730.92	145774	0	MarySomerville	
812	0:20:46	1/1/2019 	707680	558.00	8.00	13.36	28.37	100730.92	49827	0	MarySomerville	
813	0:20:47	1/1/2019 	708708	99.00	7.00	6.57	28.38	100731.30	49824	0	MarySomerville	
