###################################################################################################
### CosmicWatch: The Desktop Muon Detector
### Device ID: Charon
### Launch time: 0:08:56 1/1/2019
### Questions? Email Spencer N. Axani (saxani@mit.edu)
### Event Time Date TimeStamp[ms] ADC1 ADC2 SiPM[mV] Temp[C] Pressure[Pa] DeadTime[us] Coincident ID
###################################################################################################
1	0:08:57	1/1/2019 	258	792.00	32.00	20.51	26.23	100722.70	50547	0	Charon	
2	0:08:57	1/1/2019 	301	567.00	8.00	13.46	26.23	100722.70	5963	0	Charon	
3	0:08:59	1/1/2019 	2262	887.00	101.00	30.14	26.23	100722.58	102935	0	Charon	
4	0:09:00	1/1/2019 	3557	65.00	7.00	5.92	26.23	100722.25	102939	0	Charon	
5	0:09:01	1/1/2019 	4492	623.00	9.00	14.30	26.23	100722.47	1853	0	Charon	
6	0:09:01	1/1/2019 	4700	885.00	91.00	28.28	26.23	100722.47	52395	0	Charon	
7	0:09:03	1/1/2019 	6088	670.00	10.00	14.92	26.23	100722.31	52395	1	Charon	
8	0:09:03	1/1/2019 	6141	444.00	8.00	12.44	26.23	100722.31	1852	0	Charon	
9	0:09:04	1/1/2019 	7144	794.00	35.00	20.91	26.24	100722.53	54362	0	Charon	
10	0:09:04	1/1/2019 	7250	98.00	7.00	6.54	26.24	100722.53	1853	0	Charon	
11	0:09:08	1/1/2019 	11365	787.00	33.00	20.63	26.24	100722.14	204018	1	Charon	
12	0:09:08	1/1/2019 	11772	182.00	8.00	8.87	26.24	100722.14	53149	0	Charon	
13	0:09:09	1/1/2019 	12071	120.00	7.00	7.15	26.24	100722.14	1850	0	Charon	
14	0:09:09	1/1/2019 	12916	298.00	7.00	11.00	26.24	100721.81	52396	0	Charon	
15	0:09:10	1/1/2019 	13219	562.00	3.00	12.58	26.24	100721.64	1851	0	Charon	
16	0:09:10	1/1/2019 	13943	442.00	8.00	12.43	26.24	100721.84	54504	0	Charon	
17	0:09:13	1/1/2019 	16432	756.00	20.00	18.16	26.24	100721.17	102934	0	Charon	
18	0:09:13	1/1/2019 	16877	95.00	7.00	6.46	26.24	100721.00	52396	0	Charon	
19	0:09:14	1/1/2019 	17268	598.00	8.00	13.81	26.25	100721.23	1852	0	Charon	
20	0:09:15	1/1/2019 	18255	957.00	178.00	43.12	26.25	100721.06	52393	0	Charon	
21	0:09:19	1/1/2019 	22226	594.00	8.00	13.77	26.25	100720.29	204028	0	Charon	
22	0:09:19	1/1/2019 	22252	112.00	7.00	6.92	26.25	100720.29	4724	0	Charon	
23	0:09:21	1/1/2019 	24327	981.00	676.00	122.07	26.25	100719.84	102945	0	Charon	
24	0:09:21	1/1/2019 	24710	921.00	127.00	35.26	26.25	100719.84	52398	0	Charon	
25	0:09:22	1/1/2019 	25085	359.00	8.00	11.75	26.25	100720.06	1852	0	Charon	
26	0:09:23	1/1/2019 	26568	896.00	108.00	31.52	26.25	100719.41	102945	0	Charon	
27	0:09:24	1/1/2019 	27632	883.00	94.00	28.81	26.26	100719.62	52401	0	Charon	
28	0:09:25	1/1/2019 	28633	126.00	7.00	7.32	26.26	100719.30	52404	0	Charon	
29	0:09:26	1/1/2019 	29348	84.00	7.00	6.21	26.26	100719.12	3824	0	Charon	
30	0:09:27	1/1/2019 	30113	290.00	8.00	10.92	26.26	100718.96	52402	0	Charon	
31	0:09:27	1/1/2019 	30456	638.00	9.00	14.44	26.26	100718.96	2604	0	Charon	
32	0:09:27	1/1/2019 	30734	802.00	36.00	21.04	26.26	100719.34	52395	1	Charon	
33	0:09:28	1/1/2019 	31932	914.00	129.00	35.62	26.26	100719.19	52394	0	Charon	
34	0:09:31	1/1/2019 	34136	203.00	7.00	9.35	26.26	100719.23	102945	0	Charon	
35	0:09:32	1/1/2019 	35855	591.00	8.00	13.73	26.26	100719.23	105052	0	Charon	
36	0:09:34	1/1/2019 	37645	965.00	292.00	55.79	26.26	100719.07	102941	0	Charon	
37	0:09:34	1/1/2019 	37683	914.00	116.00	33.13	26.26	100719.07	1853	0	Charon	
38	0:09:35	1/1/2019 	38558	904.00	113.00	32.52	26.27	100719.12	52399	0	Charon	
39	0:09:36	1/1/2019 	39307	448.00	8.00	12.47	26.27	100719.12	1860	0	Charon	
40	0:09:38	1/1/2019 	41478	184.00	7.00	8.91	26.27	100719.02	102946	0	Charon	
41	0:09:39	1/1/2019 	42071	88.00	7.00	6.30	26.27	100719.23	53150	0	Charon	
42	0:09:40	1/1/2019 	43335	437.00	8.00	12.39	26.27	100718.91	54509	0	Charon	
43	0:09:42	1/1/2019 	45827	568.00	8.00	13.47	26.27	100719.12	153487	0	Charon	
44	0:09:43	1/1/2019 	46404	173.00	7.00	8.63	26.28	100719.35	1856	0	Charon	
45	0:09:44	1/1/2019 	47237	105.00	7.00	6.72	26.28	100719.35	52398	0	Charon	
46	0:09:47	1/1/2019 	50141	181.00	7.00	8.84	26.28	100718.74	153487	0	Charon	
47	0:09:47	1/1/2019 	50865	167.00	7.00	8.48	26.28	100718.80	53151	0	Charon	
48	0:09:49	1/1/2019 	52152	692.00	12.00	15.64	26.28	100718.63	54508	0	Charon	
49	0:09:49	1/1/2019 	52784	614.00	8.00	13.98	26.28	100718.66	52399	0	Charon	
50	0:09:50	1/1/2019 	53409	181.00	7.00	8.84	26.28	100718.33	1848	0	Charon	
51	0:09:51	1/1/2019 	54957	916.00	128.00	35.44	26.29	100718.38	102943	0	Charon	
52	0:09:52	1/1/2019 	55914	457.00	8.00	12.53	26.29	100718.22	52396	0	Charon	
53	0:09:54	1/1/2019 	57377	877.00	88.00	27.72	26.29	100718.44	52396	0	Charon	
54	0:09:57	1/1/2019 	60396	565.00	8.00	13.44	26.29	100718.69	153490	0	Charon	
55	0:09:57	1/1/2019 	60622	812.00	45.00	22.03	26.29	100718.69	55269	0	Charon	
56	0:09:58	1/1/2019 	61832	616.00	9.00	14.22	26.29	100718.36	52395	0	Charon	
57	0:09:59	1/1/2019 	62950	669.00	10.00	14.91	26.30	100718.58	52397	0	Charon	
58	0:10:02	1/1/2019 	65836	894.00	103.00	30.54	26.30	100718.30	153487	0	Charon	
59	0:10:03	1/1/2019 	66435	835.00	63.00	23.95	26.30	100718.13	1853	0	Charon	
60	0:10:03	1/1/2019 	66595	378.00	7.00	11.87	26.30	100718.13	52398	0	Charon	
61	0:10:04	1/1/2019 	67598	128.00	7.00	7.38	26.30	100718.53	54367	0	Charon	
62	0:10:04	1/1/2019 	67713	212.00	7.00	9.55	26.30	100718.53	1852	0	Charon	
63	0:10:04	1/1/2019 	67834	941.00	155.00	40.06	26.30	100718.53	1851	0	Charon	
64	0:10:05	1/1/2019 	68582	913.00	128.00	35.43	26.30	100718.69	52396	0	Charon	
65	0:10:06	1/1/2019 	69316	765.00	25.00	19.29	26.30	100718.69	1850	0	Charon	
66	0:10:07	1/1/2019 	70180	805.00	48.00	22.31	26.30	100718.88	52399	0	Charon	
67	0:10:08	1/1/2019 	71300	546.00	8.00	13.23	26.30	100719.22	53151	0	Charon	
68	0:10:09	1/1/2019 	72116	139.00	7.00	7.70	26.31	100719.61	54505	0	Charon	
69	0:10:10	1/1/2019 	73391	86.00	7.00	6.26	26.31	100719.61	52397	0	Charon	
70	0:10:11	1/1/2019 	74392	668.00	10.00	14.91	26.31	100719.83	52395	0	Charon	
71	0:10:11	1/1/2019 	74742	169.00	7.00	8.53	26.31	100719.83	52397	0	Charon	
72	0:10:12	1/1/2019 	75423	648.00	9.00	14.51	26.31	100719.66	1850	0	Charon	
73	0:10:13	1/1/2019 	76040	590.00	8.00	13.72	26.31	100719.50	52394	0	Charon	
74	0:10:13	1/1/2019 	76067	920.00	129.00	35.63	26.31	100719.50	3821	0	Charon	
75	0:10:13	1/1/2019 	76139	147.00	7.00	7.93	26.31	100719.50	1851	0	Charon	
76	0:10:16	1/1/2019 	79362	749.00	21.00	18.39	26.31	100719.77	153481	0	Charon	
77	0:10:16	1/1/2019 	79888	679.00	11.00	15.27	26.31	100719.77	52396	1	Charon	
78	0:10:18	1/1/2019 	81486	181.00	8.00	8.85	26.32	100720.50	53150	0	Charon	
79	0:10:19	1/1/2019 	82469	114.00	7.00	6.97	26.32	100720.33	52391	0	Charon	
80	0:10:20	1/1/2019 	83274	972.00	450.00	80.96	26.32	100720.55	52393	1	Charon	
81	0:10:21	1/1/2019 	84709	752.00	21.00	18.40	26.32	100720.55	105055	0	Charon	
82	0:10:22	1/1/2019 	85003	918.00	127.00	35.25	26.32	100720.72	1852	0	Charon	
83	0:10:22	1/1/2019 	85292	101.00	7.00	6.62	26.32	100720.72	1852	0	Charon	
84	0:10:22	1/1/2019 	85969	821.00	53.00	22.84	26.32	100720.92	52395	0	Charon	
85	0:10:25	1/1/2019 	88333	910.00	120.00	33.90	26.32	100721.27	102936	0	Charon	
86	0:10:26	1/1/2019 	89778	76.00	7.00	6.06	26.32	100721.11	102941	0	Charon	
87	0:10:27	1/1/2019 	90292	635.00	9.00	14.41	26.33	100721.33	2605	0	Charon	
88	0:10:27	1/1/2019 	90740	965.00	195.00	44.94	26.33	100721.33	54508	0	Charon	
89	0:10:28	1/1/2019 	91304	657.00	9.00	14.55	26.33	100721.16	1852	0	Charon	
90	0:10:30	1/1/2019 	93973	490.00	8.00	12.76	26.33	100721.22	153484	0	Charon	
91	0:10:32	1/1/2019 	95867	570.00	8.00	13.49	26.33	100721.45	102941	0	Charon	
92	0:10:33	1/1/2019 	96219	968.00	290.00	55.49	26.33	100721.61	1850	0	Charon	
93	0:10:33	1/1/2019 	96624	861.00	76.00	25.74	26.33	100721.45	52397	0	Charon	
94	0:10:34	1/1/2019 	97130	748.00	20.00	18.15	26.33	100721.27	3823	0	Charon	
95	0:10:34	1/1/2019 	97283	982.00	551.00	94.68	26.33	100721.27	1853	1	Charon	
96	0:10:34	1/1/2019 	97771	881.00	89.00	27.91	26.33	100721.27	52394	0	Charon	
97	0:10:35	1/1/2019 	98263	873.00	89.00	27.88	26.33	100721.33	1852	1	Charon	
98	0:10:38	1/1/2019 	101206	178.00	7.00	8.76	26.34	100721.22	153485	0	Charon	
99	0:10:38	1/1/2019 	101371	103.00	8.00	6.67	26.34	100721.06	2608	0	Charon	
100	0:10:39	1/1/2019 	102346	94.00	7.00	6.44	26.34	100720.72	52393	0	Charon	
101	0:10:43	1/1/2019 	106212	878.00	85.00	27.21	26.34	100720.64	206141	0	Charon	
102	0:10:46	1/1/2019 	109205	900.00	108.00	31.53	26.34	100720.36	153491	0	Charon	
103	0:10:47	1/1/2019 	110312	75.00	7.00	6.05	26.35	100720.59	52399	0	Charon	
104	0:10:47	1/1/2019 	110723	176.00	8.00	8.72	26.35	100720.42	53151	0	Charon	
105	0:10:48	1/1/2019 	111017	80.00	7.00	6.13	26.35	100720.42	1850	0	Charon	
106	0:10:48	1/1/2019 	111032	493.00	8.00	12.78	26.35	100720.42	1852	0	Charon	
107	0:10:48	1/1/2019 	111309	928.00	138.00	37.27	26.35	100720.42	3963	0	Charon	
108	0:10:48	1/1/2019 	111829	793.00	33.00	20.65	26.35	100720.25	52395	0	Charon	
109	0:10:49	1/1/2019 	112251	425.00	8.00	12.31	26.35	100720.48	1851	0	Charon	
110	0:10:50	1/1/2019 	113369	736.00	18.00	17.59	26.35	100720.31	52396	0	Charon	
111	0:10:50	1/1/2019 	113611	69.00	7.00	5.96	26.35	100720.31	52400	0	Charon	
112	0:10:50	1/1/2019 	113765	979.00	405.00	75.08	26.35	100720.31	1850	0	Charon	
113	0:10:55	1/1/2019 	118191	406.00	7.00	12.10	26.35	100721.09	206001	0	Charon	
114	0:10:55	1/1/2019 	118904	75.00	7.00	6.05	26.35	100721.25	52398	0	Charon	
115	0:10:56	1/1/2019 	119990	541.00	7.00	13.06	26.35	100721.25	52399	0	Charon	
116	0:10:57	1/1/2019 	120143	235.00	7.00	10.00	26.35	100721.09	2607	0	Charon	
117	0:10:57	1/1/2019 	120181	852.00	76.00	25.71	26.35	100721.09	1852	0	Charon	
118	0:10:58	1/1/2019 	121270	684.00	11.00	15.29	26.35	100720.92	52399	0	Charon	
119	0:10:59	1/1/2019 	122473	550.00	8.00	13.28	26.36	100721.14	52397	0	Charon	
120	0:11:00	1/1/2019 	123172	733.00	16.00	17.01	26.36	100721.14	54508	0	Charon	
121	0:11:00	1/1/2019 	123443	188.00	8.00	9.02	26.36	100721.14	1851	0	Charon	
122	0:11:01	1/1/2019 	124620	120.00	7.00	7.15	26.36	100720.98	102943	0	Charon	
123	0:11:03	1/1/2019 	126177	125.00	8.00	7.29	26.36	100721.34	52399	0	Charon	
124	0:11:03	1/1/2019 	126259	884.00	86.00	27.40	26.36	100721.34	1850	0	Charon	
125	0:11:04	1/1/2019 	127136	124.00	7.00	7.26	26.36	100721.17	52400	0	Charon	
126	0:11:04	1/1/2019 	127184	795.00	38.00	21.26	26.36	100721.17	3824	0	Charon	
127	0:11:06	1/1/2019 	129075	852.00	68.00	24.60	26.36	100720.50	102942	0	Charon	
128	0:11:07	1/1/2019 	130195	918.00	130.00	35.81	26.36	100720.70	52400	0	Charon	
129	0:11:07	1/1/2019 	130855	684.00	11.00	15.29	26.36	100720.70	53154	0	Charon	
130	0:11:07	1/1/2019 	130940	836.00	55.00	23.07	26.36	100720.70	1851	0	Charon	
131	0:11:08	1/1/2019 	131355	68.00	7.00	5.95	26.36	100720.53	1852	0	Charon	
132	0:11:09	1/1/2019 	132279	784.00	31.00	20.35	26.36	100720.20	52397	0	Charon	
133	0:11:09	1/1/2019 	132460	126.00	7.00	7.32	26.36	100720.20	3965	0	Charon	
134	0:11:09	1/1/2019 	132719	447.00	8.00	12.46	26.36	100720.59	52397	0	Charon	
135	0:11:10	1/1/2019 	133568	629.00	9.00	14.36	26.36	100720.42	52395	0	Charon	
136	0:11:12	1/1/2019 	135856	975.00	515.00	88.85	26.36	100719.92	102942	0	Charon	
137	0:11:13	1/1/2019 	136202	893.00	99.00	29.78	26.36	100719.76	1854	0	Charon	
138	0:11:13	1/1/2019 	136591	905.00	111.00	32.13	26.37	100720.14	52399	0	Charon	
139	0:11:14	1/1/2019 	137579	322.00	8.00	11.34	26.37	100719.98	54370	0	Charon	
140	0:11:15	1/1/2019 	138374	80.00	7.00	6.13	26.37	100719.64	1852	0	Charon	
141	0:11:15	1/1/2019 	138411	777.00	27.00	19.69	26.37	100719.64	1853	0	Charon	
142	0:11:17	1/1/2019 	140884	143.00	8.00	7.82	26.37	100719.54	153490	0	Charon	
143	0:11:19	1/1/2019 	142901	854.00	80.00	26.32	26.37	100719.76	103700	0	Charon	
144	0:11:20	1/1/2019 	143206	264.00	8.00	10.53	26.37	100719.59	1852	0	Charon	
145	0:11:22	1/1/2019 	145707	951.00	161.00	40.94	26.37	100719.26	155599	0	Charon	
146	0:11:25	1/1/2019 	148305	921.00	140.00	37.62	26.37	100719.16	102946	0	Charon	
147	0:11:26	1/1/2019 	149581	104.00	8.00	6.70	26.37	100718.66	102946	0	Charon	
148	0:11:26	1/1/2019 	149800	834.00	64.00	24.07	26.37	100718.66	2603	0	Charon	
149	0:11:30	1/1/2019 	153040	536.00	8.00	13.14	26.38	100718.38	153490	0	Charon	
150	0:11:30	1/1/2019 	153444	194.00	7.00	9.15	26.38	100718.38	1858	0	Charon	
151	0:11:30	1/1/2019 	153452	932.00	146.00	38.64	26.38	100718.38	1858	0	Charon	
152	0:11:30	1/1/2019 	153659	122.00	8.00	7.21	26.38	100718.38	54516	0	Charon	
153	0:11:30	1/1/2019 	153955	970.00	213.00	46.64	26.38	100718.21	1854	0	Charon	
154	0:11:32	1/1/2019 	155647	918.00	134.00	36.55	26.38	100718.57	102943	0	Charon	
155	0:11:33	1/1/2019 	156848	384.00	8.00	11.99	26.38	100718.41	52399	0	Charon	
156	0:11:33	1/1/2019 	156972	370.00	8.00	11.86	26.38	100718.41	1850	0	Charon	
157	0:11:34	1/1/2019 	157341	210.00	7.00	9.51	26.38	100718.57	1849	0	Charon	
158	0:11:34	1/1/2019 	157967	100.00	7.00	6.59	26.38	100718.57	54422	0	Charon	
159	0:11:36	1/1/2019 	159334	888.00	95.00	29.01	26.38	100718.23	52397	0	Charon	
160	0:11:36	1/1/2019 	159650	969.00	216.00	46.92	26.38	100718.07	52401	0	Charon	
161	0:11:37	1/1/2019 	160434	57.00	7.00	5.88	26.38	100718.45	2606	0	Charon	
162	0:11:45	1/1/2019 	168613	740.00	16.00	17.02	26.39	100717.23	456756	0	Charon	
163	0:11:45	1/1/2019 	168882	912.00	114.00	32.74	26.39	100717.27	1851	0	Charon	
164	0:11:46	1/1/2019 	169229	915.00	124.00	34.68	26.39	100716.77	3965	0	Charon	
165	0:11:46	1/1/2019 	169676	666.00	10.00	14.90	26.39	100716.60	52399	0	Charon	
166	0:11:47	1/1/2019 	170711	367.00	8.00	11.83	26.39	100716.10	53151	0	Charon	
167	0:11:49	1/1/2019 	172081	797.00	35.00	20.91	26.39	100715.94	52395	0	Charon	
168	0:11:49	1/1/2019 	172092	289.00	8.00	10.91	26.39	100715.94	1853	0	Charon	
169	0:11:50	1/1/2019 	173197	569.00	8.00	13.48	26.39	100715.98	52396	0	Charon	
170	0:11:53	1/1/2019 	176276	621.00	9.00	14.28	26.39	100715.22	153486	0	Charon	
171	0:11:53	1/1/2019 	176340	202.00	7.00	9.33	26.39	100715.22	3964	0	Charon	
172	0:11:55	1/1/2019 	178592	296.00	7.00	10.97	26.39	100715.55	153483	0	Charon	
173	0:11:56	1/1/2019 	179711	684.00	11.00	15.29	26.40	100716.10	52398	0	Charon	
174	0:11:57	1/1/2019 	180982	940.00	154.00	39.91	26.40	100716.44	53150	0	Charon	
175	0:11:58	1/1/2019 	181323	56.00	7.00	5.88	26.40	100716.27	1853	0	Charon	
176	0:11:59	1/1/2019 	182151	633.00	9.00	14.40	26.40	100716.10	52393	0	Charon	
177	0:12:00	1/1/2019 	183079	202.00	7.00	9.33	26.40	100716.30	54563	0	Charon	
178	0:12:00	1/1/2019 	183324	915.00	122.00	34.30	26.40	100716.30	1853	0	Charon	
179	0:12:00	1/1/2019 	183812	602.00	9.00	14.05	26.40	100716.13	52396	0	Charon	
180	0:12:02	1/1/2019 	185189	629.00	9.00	14.36	26.40	100716.47	52396	0	Charon	
181	0:12:03	1/1/2019 	186137	951.00	160.00	40.80	26.40	100716.47	52398	0	Charon	
182	0:12:05	1/1/2019 	188464	280.00	7.00	10.75	26.40	100716.35	102944	0	Charon	
183	0:12:05	1/1/2019 	188966	108.00	7.00	6.81	26.40	100716.19	52397	0	Charon	
184	0:12:06	1/1/2019 	189902	438.00	8.00	12.40	26.40	100716.19	54368	0	Charon	
185	0:12:08	1/1/2019 	191304	94.00	7.00	6.44	26.40	100716.58	53150	0	Charon	
186	0:12:09	1/1/2019 	192104	968.00	254.00	50.70	26.40	100716.24	52397	0	Charon	
187	0:12:11	1/1/2019 	194008	79.00	7.00	6.12	26.40	100716.08	102944	0	Charon	
188	0:12:11	1/1/2019 	194845	785.00	31.00	20.35	26.40	100716.08	52394	0	Charon	
189	0:12:11	1/1/2019 	194927	58.00	7.00	5.88	26.40	100716.08	1852	0	Charon	
190	0:12:13	1/1/2019 	196403	89.00	7.00	6.32	26.40	100715.74	54507	0	Charon	
191	0:12:13	1/1/2019 	196848	426.00	8.00	12.32	26.41	100716.14	52396	0	Charon	
192	0:12:14	1/1/2019 	197797	75.00	7.00	6.05	26.41	100715.97	52392	0	Charon	
193	0:12:20	1/1/2019 	203697	91.00	7.00	6.37	26.41	100717.19	305121	0	Charon	
194	0:12:20	1/1/2019 	203766	980.00	431.00	78.65	26.41	100717.19	2606	0	Charon	
195	0:12:22	1/1/2019 	205088	446.00	8.00	12.46	26.41	100717.19	52398	0	Charon	
196	0:12:22	1/1/2019 	205268	918.00	126.00	35.07	26.41	100717.19	1851	0	Charon	
197	0:12:22	1/1/2019 	205704	276.00	7.00	10.69	26.41	100717.36	54508	0	Charon	
198	0:12:25	1/1/2019 	208255	963.00	211.00	46.46	26.41	100717.58	102941	0	Charon	
199	0:12:25	1/1/2019 	208678	168.00	7.00	8.50	26.41	100717.58	52399	0	Charon	
200	0:12:25	1/1/2019 	208914	90.00	7.00	6.34	26.41	100717.58	1850	0	Charon	
201	0:12:26	1/1/2019 	209252	967.00	313.00	59.24	26.41	100717.74	1851	0	Charon	
202	0:12:27	1/1/2019 	210023	541.00	8.00	13.18	26.41	100717.74	52397	0	Charon	
203	0:12:27	1/1/2019 	210206	549.00	8.00	13.26	26.41	100717.74	4735	0	Charon	
204	0:12:27	1/1/2019 	210752	647.00	9.00	14.50	26.41	100717.74	52395	0	Charon	
205	0:12:29	1/1/2019 	212664	394.00	8.00	12.07	26.41	100717.91	102941	0	Charon	
206	0:12:29	1/1/2019 	212987	918.00	123.00	34.49	26.41	100718.30	1850	0	Charon	
207	0:12:31	1/1/2019 	214974	975.00	453.00	81.31	26.41	100718.13	102937	0	Charon	
208	0:12:34	1/1/2019 	217753	872.00	88.00	27.70	26.42	100718.86	153488	0	Charon	
209	0:12:35	1/1/2019 	218387	329.00	8.00	11.43	26.42	100718.86	3824	0	Charon	
210	0:12:36	1/1/2019 	219101	753.00	19.00	17.90	26.42	100718.86	52395	0	Charon	
211	0:12:37	1/1/2019 	220066	108.00	7.00	6.81	26.42	100718.86	52399	0	Charon	
212	0:12:37	1/1/2019 	220739	125.00	7.00	7.29	26.42	100718.86	53346	0	Charon	
213	0:12:38	1/1/2019 	221354	782.00	30.00	20.19	26.42	100718.86	1851	0	Charon	
214	0:12:38	1/1/2019 	221557	64.00	7.00	5.91	26.42	100718.86	52397	0	Charon	
215	0:12:40	1/1/2019 	223097	886.00	102.00	30.32	26.42	100719.35	52395	0	Charon	
216	0:12:40	1/1/2019 	223109	228.00	7.00	9.87	26.42	100719.35	3984	0	Charon	
217	0:12:41	1/1/2019 	224643	573.00	8.00	13.53	26.42	100719.02	102941	0	Charon	
218	0:12:42	1/1/2019 	225581	878.00	90.00	28.08	26.42	100719.02	52396	0	Charon	
219	0:12:43	1/1/2019 	226095	63.00	6.00	5.91	26.42	100719.02	1852	0	Charon	
220	0:12:44	1/1/2019 	227076	278.00	7.00	10.72	26.42	100719.02	52396	0	Charon	
221	0:12:46	1/1/2019 	229271	536.00	7.00	13.01	26.42	100719.23	102944	0	Charon	
222	0:12:46	1/1/2019 	229579	69.00	7.00	5.96	26.42	100719.23	54389	0	Charon	
223	0:12:46	1/1/2019 	229843	806.00	45.00	22.02	26.42	100719.23	2799	0	Charon	
224	0:12:46	1/1/2019 	229901	395.00	8.00	12.08	26.42	100719.23	1851	0	Charon	
225	0:12:49	1/1/2019 	232954	138.00	7.00	7.67	26.42	100718.74	153485	0	Charon	
226	0:12:53	1/1/2019 	236774	614.00	9.00	14.20	26.42	100719.30	204034	0	Charon	
227	0:12:54	1/1/2019 	237608	457.00	8.00	12.53	26.42	100719.47	52397	0	Charon	
228	0:12:54	1/1/2019 	237788	776.00	26.00	19.51	26.42	100719.47	1850	1	Charon	
229	0:12:55	1/1/2019 	238006	329.00	8.00	11.43	26.42	100719.47	4038	0	Charon	
230	0:12:56	1/1/2019 	239100	859.00	80.00	26.34	26.43	100719.85	52396	0	Charon	
231	0:12:56	1/1/2019 	239249	967.00	224.00	47.65	26.43	100719.85	1853	0	Charon	
232	0:12:56	1/1/2019 	239855	754.00	20.00	18.16	26.43	100720.02	52397	0	Charon	
233	0:12:57	1/1/2019 	240219	910.00	116.00	33.12	26.43	100720.19	2800	0	Charon	
234	0:13:00	1/1/2019 	243330	107.00	7.00	6.78	26.43	100720.08	153487	0	Charon	
235	0:13:01	1/1/2019 	244068	973.00	381.00	71.31	26.43	100720.08	128479	0	Charon	
236	0:13:02	1/1/2019 	245033	754.00	21.00	18.41	26.43	100720.24	52400	0	Charon	
237	0:13:02	1/1/2019 	245036	552.00	8.00	13.30	26.43	100720.24	1853	0	Charon	
238	0:13:03	1/1/2019 	246758	67.00	7.00	5.94	26.43	100720.08	102941	0	Charon	
239	0:13:03	1/1/2019 	246800	61.00	7.00	5.89	26.43	100720.08	1853	0	Charon	
240	0:13:03	1/1/2019 	246882	168.00	7.00	8.50	26.43	100720.08	1850	0	Charon	
241	0:13:04	1/1/2019 	247417	595.00	8.00	13.78	26.43	100720.30	3821	0	Charon	
242	0:13:05	1/1/2019 	248250	371.00	8.00	11.87	26.43	100720.47	52396	0	Charon	
243	0:13:05	1/1/2019 	248814	108.00	7.00	6.81	26.43	100720.47	52394	0	Charon	
244	0:13:05	1/1/2019 	248930	765.00	25.00	19.29	26.43	100720.47	1851	0	Charon	
245	0:13:08	1/1/2019 	251436	134.00	7.00	7.55	26.43	100719.63	102945	0	Charon	
246	0:13:09	1/1/2019 	252746	862.00	78.00	26.04	26.43	100719.47	103892	1	Charon	
247	0:13:11	1/1/2019 	254870	660.00	10.00	14.87	26.43	100719.52	102944	0	Charon	
248	0:13:12	1/1/2019 	255251	791.00	36.00	21.02	26.43	100719.52	3966	0	Charon	
249	0:13:12	1/1/2019 	255612	708.00	12.00	15.66	26.43	100719.52	52399	0	Charon	
250	0:13:12	1/1/2019 	255846	698.00	12.00	15.65	26.43	100719.52	1851	0	Charon	
251	0:13:15	1/1/2019 	258762	869.00	88.00	27.69	26.44	100719.91	153488	0	Charon	
252	0:13:17	1/1/2019 	260408	232.00	8.00	9.97	26.44	100719.75	52399	0	Charon	
253	0:13:17	1/1/2019 	260721	264.00	7.00	10.50	26.44	100719.58	53345	0	Charon	
254	0:13:21	1/1/2019 	264627	256.00	7.00	10.37	26.44	100719.83	206143	0	Charon	
255	0:13:21	1/1/2019 	264891	772.00	26.00	19.50	26.44	100719.83	1851	0	Charon	
256	0:13:23	1/1/2019 	266619	972.00	521.00	89.72	26.44	100719.66	102944	0	Charon	
257	0:13:23	1/1/2019 	266709	818.00	52.00	22.73	26.44	100719.66	1852	1	Charon	
258	0:13:23	1/1/2019 	266807	884.00	93.00	28.63	26.44	100719.88	1852	0	Charon	
259	0:13:24	1/1/2019 	267036	769.00	27.00	19.67	26.44	100719.88	1851	0	Charon	
260	0:13:24	1/1/2019 	267218	67.00	7.00	5.94	26.44	100719.88	3823	0	Charon	
261	0:13:24	1/1/2019 	267870	676.00	10.00	14.93	26.44	100719.55	52399	0	Charon	
262	0:13:24	1/1/2019 	267936	201.00	7.00	9.31	26.44	100719.55	1852	0	Charon	
263	0:13:26	1/1/2019 	269578	652.00	10.00	14.82	26.44	100719.05	102949	0	Charon	
264	0:13:27	1/1/2019 	270498	58.00	7.00	5.88	26.45	100719.44	2801	0	Charon	
265	0:13:27	1/1/2019 	270812	754.00	20.00	18.16	26.45	100719.44	52400	0	Charon	
266	0:13:28	1/1/2019 	271552	764.00	24.00	19.09	26.45	100719.44	52400	0	Charon	
267	0:13:29	1/1/2019 	272344	61.00	8.00	5.90	26.45	100719.28	3964	0	Charon	
268	0:13:30	1/1/2019 	273044	644.00	9.00	14.48	26.45	100719.44	52398	0	Charon	
269	0:13:30	1/1/2019 	273297	428.00	8.00	12.33	26.45	100719.67	1852	0	Charon	
270	0:13:31	1/1/2019 	274631	172.00	8.00	8.62	26.45	100719.67	102947	0	Charon	
271	0:13:31	1/1/2019 	274834	616.00	8.00	14.00	26.45	100719.67	1850	0	Charon	
272	0:13:32	1/1/2019 	275859	273.00	8.00	10.67	26.45	100719.50	52398	0	Charon	
273	0:13:33	1/1/2019 	276325	281.00	7.00	10.76	26.45	100719.89	3821	0	Charon	
274	0:13:34	1/1/2019 	277802	568.00	8.00	13.47	26.45	100719.55	102947	0	Charon	
275	0:13:37	1/1/2019 	280601	825.00	66.00	24.29	26.45	100720.08	153498	0	Charon	
276	0:13:37	1/1/2019 	280929	649.00	9.00	14.52	26.45	100720.25	2802	0	Charon	
277	0:13:39	1/1/2019 	282497	95.00	8.00	6.47	26.46	100720.27	52399	0	Charon	
278	0:13:39	1/1/2019 	282898	161.00	8.00	8.32	26.46	100720.61	52399	0	Charon	
279	0:13:40	1/1/2019 	283120	913.00	116.00	33.13	26.46	100720.61	1849	0	Charon	
280	0:13:42	1/1/2019 	285394	326.00	8.00	11.39	26.46	100721.00	105058	0	Charon	
281	0:13:43	1/1/2019 	286305	642.00	9.00	14.47	26.46	100720.83	52397	0	Charon	
282	0:13:43	1/1/2019 	286735	421.00	8.00	12.28	26.46	100720.83	52400	0	Charon	
283	0:13:46	1/1/2019 	289938	936.00	150.00	39.29	26.46	100720.88	153496	0	Charon	
284	0:13:47	1/1/2019 	290169	965.00	260.00	51.40	26.46	100720.88	2802	0	Charon	
285	0:13:47	1/1/2019 	290323	164.00	7.00	8.40	26.46	100720.88	1853	0	Charon	
286	0:13:47	1/1/2019 	290597	79.00	7.00	6.12	26.46	100721.05	54510	0	Charon	
287	0:13:47	1/1/2019 	290659	137.00	7.00	7.64	26.46	100721.05	1851	0	Charon	
288	0:13:47	1/1/2019 	290960	772.00	24.00	19.11	26.46	100721.27	1850	0	Charon	
289	0:13:50	1/1/2019 	293226	962.00	221.00	47.38	26.46	100721.61	102943	0	Charon	
290	0:13:50	1/1/2019 	293397	66.00	7.00	5.93	26.46	100721.61	1852	0	Charon	
291	0:13:50	1/1/2019 	293664	913.00	124.00	34.68	26.46	100721.61	52397	0	Charon	
292	0:13:51	1/1/2019 	294172	177.00	7.00	8.74	26.46	100721.61	1851	0	Charon	
293	0:13:51	1/1/2019 	294188	745.00	18.00	17.61	26.46	100721.61	3822	0	Charon	
294	0:13:51	1/1/2019 	294944	908.00	115.00	32.92	26.47	100721.83	52398	0	Charon	
295	0:13:52	1/1/2019 	295638	609.00	8.00	13.93	26.47	100721.83	52400	1	Charon	
296	0:13:53	1/1/2019 	296117	921.00	137.00	37.09	26.47	100721.66	1851	0	Charon	
297	0:13:57	1/1/2019 	299830	325.00	8.00	11.38	26.47	100721.39	204041	0	Charon	
298	0:13:57	1/1/2019 	300606	817.00	49.00	22.43	26.47	100721.39	53348	1	Charon	
299	0:14:00	1/1/2019 	303552	893.00	110.00	31.90	26.47	100721.27	155606	0	Charon	
300	0:14:01	1/1/2019 	303951	625.00	9.00	14.32	26.47	100721.45	1853	1	Charon	
301	0:14:01	1/1/2019 	304430	807.00	54.00	22.91	26.47	100721.27	1852	0	Charon	
302	0:14:01	1/1/2019 	304754	957.00	167.00	41.76	26.47	100721.27	52400	0	Charon	
303	0:14:02	1/1/2019 	305068	968.00	354.00	66.60	26.47	100721.67	1853	0	Charon	
304	0:14:02	1/1/2019 	305288	936.00	152.00	39.60	26.47	100721.67	1852	0	Charon	
305	0:14:02	1/1/2019 	305428	855.00	61.00	23.76	26.47	100721.67	3878	0	Charon	
306	0:14:03	1/1/2019 	306255	617.00	9.00	14.23	26.47	100721.67	52401	0	Charon	
307	0:14:05	1/1/2019 	307929	966.00	314.00	59.41	26.47	100722.00	102950	0	Charon	
308	0:14:06	1/1/2019 	309233	964.00	190.00	44.43	26.48	100722.36	52402	0	Charon	
309	0:14:08	1/1/2019 	310932	510.00	8.00	12.91	26.48	100722.36	102951	0	Charon	
310	0:14:08	1/1/2019 	311609	632.00	9.00	14.39	26.48	100722.19	53349	0	Charon	
311	0:14:09	1/1/2019 	311856	91.00	7.00	6.37	26.48	100722.19	1851	0	Charon	
312	0:14:12	1/1/2019 	314872	64.00	5.00	5.91	26.48	100722.25	155606	0	Charon	
313	0:14:15	1/1/2019 	317991	727.00	16.00	17.00	26.48	100722.14	153492	0	Charon	
314	0:14:15	1/1/2019 	318262	804.00	40.00	21.50	26.48	100722.14	1851	0	Charon	
315	0:14:15	1/1/2019 	318559	96.00	7.00	6.49	26.48	100722.14	52398	0	Charon	
316	0:14:15	1/1/2019 	318794	851.00	71.00	25.00	26.48	100721.97	1850	0	Charon	
317	0:14:16	1/1/2019 	318955	202.00	7.00	9.33	26.48	100721.97	1851	0	Charon	
318	0:14:16	1/1/2019 	319739	928.00	140.00	37.62	26.48	100722.33	54371	0	Charon	
319	0:14:18	1/1/2019 	321208	189.00	7.00	9.03	26.48	100722.16	53349	0	Charon	
320	0:14:18	1/1/2019 	321612	799.00	36.00	21.04	26.48	100722.16	52401	0	Charon	
321	0:14:18	1/1/2019 	321773	914.00	119.00	33.72	26.48	100721.83	1851	0	Charon	
322	0:14:19	1/1/2019 	321853	758.00	24.00	19.08	26.48	100721.83	1851	0	Charon	
323	0:14:19	1/1/2019 	321870	438.00	8.00	12.40	26.48	100721.83	1851	0	Charon	
324	0:14:19	1/1/2019 	322396	693.00	11.00	15.30	26.48	100722.00	3961	0	Charon	
325	0:14:21	1/1/2019 	323954	753.00	21.00	18.40	26.49	100722.22	102949	0	Charon	
326	0:14:21	1/1/2019 	324425	975.00	333.00	62.79	26.49	100722.22	1853	0	Charon	
327	0:14:24	1/1/2019 	327311	899.00	110.00	31.92	26.49	100722.11	153497	0	Charon	
328	0:14:24	1/1/2019 	327646	136.00	7.00	7.61	26.49	100722.11	52401	0	Charon	
329	0:14:26	1/1/2019 	329027	812.00	54.00	22.92	26.49	100722.50	52400	0	Charon	
330	0:14:27	1/1/2019 	330576	157.00	7.00	8.21	26.49	100722.50	102951	0	Charon	
331	0:14:30	1/1/2019 	333184	701.00	12.00	15.66	26.49	100722.89	106016	0	Charon	
332	0:14:30	1/1/2019 	333263	732.00	16.00	17.01	26.49	100723.06	1853	0	Charon	
333	0:14:31	1/1/2019 	334178	964.00	212.00	46.55	26.49	100722.89	52396	1	Charon	
334	0:14:31	1/1/2019 	334603	605.00	8.00	13.89	26.49	100722.89	52401	0	Charon	
335	0:14:31	1/1/2019 	334716	253.00	8.00	10.34	26.49	100723.06	1849	0	Charon	
336	0:14:31	1/1/2019 	334778	815.00	49.00	22.43	26.49	100723.06	1850	1	Charon	
337	0:14:33	1/1/2019 	336591	813.00	54.00	22.92	26.50	100723.41	104920	0	Charon	
338	0:14:33	1/1/2019 	336593	446.00	8.00	12.46	26.50	100723.41	1852	0	Charon	
339	0:14:34	1/1/2019 	337133	77.00	7.00	6.08	26.50	100723.25	1848	0	Charon	
340	0:14:35	1/1/2019 	338120	549.00	8.00	13.26	26.50	100723.97	52399	0	Charon	
341	0:14:38	1/1/2019 	341104	812.00	56.00	23.12	26.50	100724.70	153493	0	Charon	
342	0:14:38	1/1/2019 	341739	974.00	372.00	69.78	26.50	100724.70	53349	0	Charon	
343	0:14:38	1/1/2019 	341808	115.00	7.00	7.00	26.50	100724.70	3964	0	Charon	
344	0:14:38	1/1/2019 	341817	730.00	16.00	17.00	26.50	100724.70	1850	0	Charon	
345	0:14:40	1/1/2019 	343385	915.00	119.00	33.72	26.50	100724.58	52397	0	Charon	
346	0:14:41	1/1/2019 	344593	783.00	31.00	20.35	26.50	100724.58	102949	0	Charon	
347	0:14:42	1/1/2019 	345129	887.00	101.00	30.14	26.50	100724.58	1853	0	Charon	
348	0:14:43	1/1/2019 	346316	273.00	8.00	10.67	26.51	100724.97	52401	0	Charon	
349	0:14:46	1/1/2019 	349134	549.00	8.00	13.26	26.51	100724.70	153494	0	Charon	
350	0:14:50	1/1/2019 	353395	972.00	454.00	81.43	26.51	100724.64	206018	0	Charon	
351	0:14:51	1/1/2019 	354792	638.00	9.00	14.44	26.51	100724.64	103901	0	Charon	
352	0:14:52	1/1/2019 	354928	827.00	64.00	24.05	26.51	100724.48	1853	0	Charon	
353	0:14:53	1/1/2019 	356439	792.00	39.00	21.36	26.52	100724.50	52399	0	Charon	
354	0:14:53	1/1/2019 	356756	434.00	8.00	12.37	26.52	100724.50	52400	0	Charon	
355	0:14:55	1/1/2019 	357942	214.00	8.00	9.60	26.52	100724.17	52397	0	Charon	
356	0:14:55	1/1/2019 	358772	213.00	7.00	9.57	26.52	100724.00	54564	0	Charon	
357	0:14:56	1/1/2019 	359192	959.00	196.00	45.04	26.52	100724.00	1852	0	Charon	
358	0:14:57	1/1/2019 	360060	281.00	8.00	10.79	26.52	100724.20	52402	0	Charon	
359	0:14:58	1/1/2019 	360856	904.00	115.00	32.91	26.52	100724.03	53347	0	Charon	
360	0:14:58	1/1/2019 	361305	618.00	9.00	14.24	26.52	100724.03	1852	0	Charon	
361	0:14:59	1/1/2019 	362342	552.00	8.00	13.30	26.52	100724.09	52399	0	Charon	
362	0:14:59	1/1/2019 	362566	97.00	7.00	6.51	26.52	100724.09	52398	0	Charon	
363	0:15:00	1/1/2019 	363333	543.00	8.00	13.20	26.52	100723.75	3964	0	Charon	
364	0:15:00	1/1/2019 	363826	619.00	8.00	14.03	26.52	100723.75	52398	0	Charon	
365	0:15:01	1/1/2019 	364270	968.00	240.00	49.20	26.52	100723.59	1850	0	Charon	
366	0:15:03	1/1/2019 	366452	696.00	12.00	15.65	26.52	100723.64	102948	0	Charon	
367	0:15:03	1/1/2019 	366551	627.00	8.00	14.09	26.52	100723.64	52402	0	Charon	
368	0:15:05	1/1/2019 	368261	949.00	160.00	40.80	26.53	100724.03	52397	0	Charon	
369	0:15:08	1/1/2019 	371356	680.00	11.00	15.27	26.53	100723.92	155467	0	Charon	
370	0:15:09	1/1/2019 	372642	962.00	204.00	45.81	26.53	100724.14	103895	0	Charon	
371	0:15:09	1/1/2019 	372706	824.00	60.00	23.58	26.53	100723.98	1854	1	Charon	
372	0:15:10	1/1/2019 	373678	363.00	8.00	11.79	26.53	100723.64	52400	0	Charon	
373	0:15:11	1/1/2019 	373893	962.00	194.00	44.84	26.53	100723.64	1850	0	Charon	
374	0:15:13	1/1/2019 	376242	970.00	349.00	65.70	26.53	100723.50	102946	0	Charon	
375	0:15:13	1/1/2019 	376699	805.00	45.00	22.01	26.53	100723.34	54513	0	Charon	
376	0:15:14	1/1/2019 	376922	779.00	28.00	19.87	26.53	100723.34	1852	0	Charon	
377	0:15:15	1/1/2019 	378162	358.00	8.00	11.74	26.54	100723.06	52400	0	Charon	
378	0:15:19	1/1/2019 	382253	930.00	150.00	39.29	26.54	100723.28	204040	0	Charon	
379	0:15:20	1/1/2019 	383495	98.00	7.00	6.54	26.54	100723.34	53349	0	Charon	
380	0:15:21	1/1/2019 	384192	457.00	8.00	12.53	26.54	100723.34	52398	0	Charon	
381	0:15:21	1/1/2019 	384817	797.00	42.00	21.69	26.54	100722.84	52396	0	Charon	
382	0:15:22	1/1/2019 	385607	949.00	162.00	41.08	26.54	100722.67	54512	0	Charon	
383	0:15:23	1/1/2019 	386364	153.00	7.00	8.10	26.54	100722.73	1852	0	Charon	
384	0:15:27	1/1/2019 	390442	910.00	119.00	33.71	26.55	100722.28	204042	0	Charon	
385	0:15:28	1/1/2019 	391331	725.00	15.00	16.68	26.55	100722.31	53350	0	Charon	
386	0:15:29	1/1/2019 	392017	95.00	8.00	6.47	26.55	100722.14	52400	0	Charon	
387	0:15:30	1/1/2019 	393564	489.00	8.00	12.75	26.55	100721.81	102945	0	Charon	
388	0:15:30	1/1/2019 	393802	623.00	9.00	14.30	26.55	100721.81	3962	0	Charon	
389	0:15:31	1/1/2019 	394036	731.00	17.00	17.30	26.55	100722.20	1851	0	Charon	
390	0:15:32	1/1/2019 	395304	143.00	7.00	7.81	26.55	100721.88	52403	0	Charon	
391	0:15:35	1/1/2019 	397977	132.00	7.00	7.49	26.55	100721.06	153500	0	Charon	
392	0:15:36	1/1/2019 	399092	596.00	8.00	13.79	26.56	100721.45	52400	0	Charon	
393	0:15:37	1/1/2019 	400626	71.00	8.00	5.99	26.56	100720.79	102946	0	Charon	
394	0:15:37	1/1/2019 	400646	715.00	13.00	16.01	26.56	100720.79	4911	1	Charon	
395	0:15:38	1/1/2019 	400830	754.00	22.00	18.64	26.56	100720.79	1852	0	Charon	
396	0:15:39	1/1/2019 	402658	968.00	370.00	69.44	26.56	100719.68	102948	0	Charon	
397	0:15:40	1/1/2019 	402982	802.00	45.00	22.01	26.56	100719.68	1853	0	Charon	
398	0:15:40	1/1/2019 	403377	114.00	8.00	6.98	26.56	100719.90	1852	0	Charon	
399	0:15:41	1/1/2019 	404458	908.00	118.00	33.51	26.56	100719.07	52396	0	Charon	
400	0:15:43	1/1/2019 	406068	636.00	9.00	14.42	26.56	100718.80	102946	0	Charon	
401	0:15:43	1/1/2019 	406360	705.00	12.00	15.66	26.56	100718.80	3824	0	Charon	
402	0:15:43	1/1/2019 	406789	90.00	7.00	6.34	26.56	100718.62	52399	0	Charon	
403	0:15:44	1/1/2019 	407155	409.00	8.00	12.19	26.56	100718.46	1856	0	Charon	
404	0:15:44	1/1/2019 	407796	915.00	119.00	33.72	26.56	100718.30	52397	0	Charon	
405	0:15:46	1/1/2019 	409023	162.00	7.00	8.34	26.57	100718.19	52397	0	Charon	
406	0:15:46	1/1/2019 	409380	520.00	8.00	12.99	26.57	100718.02	1852	0	Charon	
407	0:15:48	1/1/2019 	410991	451.00	8.00	12.49	26.57	100718.41	104887	0	Charon	
408	0:15:48	1/1/2019 	411016	452.00	8.00	12.50	26.57	100718.41	2605	0	Charon	
409	0:15:48	1/1/2019 	411045	164.00	8.00	8.40	26.57	100718.41	1850	0	Charon	
410	0:15:48	1/1/2019 	411385	795.00	36.00	21.03	26.57	100718.23	1850	0	Charon	
411	0:15:48	1/1/2019 	411604	615.00	8.00	13.99	26.57	100718.23	52397	0	Charon	
412	0:15:50	1/1/2019 	413223	521.00	8.00	13.00	26.57	100718.30	52398	0	Charon	
413	0:15:51	1/1/2019 	413858	200.00	7.00	9.29	26.57	100718.12	52401	0	Charon	
414	0:15:51	1/1/2019 	414040	458.00	7.00	12.45	26.57	100718.12	5158	0	Charon	
415	0:15:52	1/1/2019 	415468	331.00	8.00	11.45	26.57	100717.80	52403	0	Charon	
416	0:15:54	1/1/2019 	416950	802.00	38.00	21.28	26.57	100718.16	102949	1	Charon	
417	0:15:55	1/1/2019 	418614	578.00	8.00	13.58	26.58	100718.71	102950	0	Charon	
418	0:15:55	1/1/2019 	418734	642.00	9.00	14.47	26.58	100718.71	1850	0	Charon	
419	0:15:57	1/1/2019 	420239	86.00	7.00	6.26	26.58	100718.71	52400	0	Charon	
420	0:15:58	1/1/2019 	420930	965.00	216.00	46.92	26.58	100719.23	55272	0	Charon	
421	0:15:58	1/1/2019 	421104	630.00	9.00	14.37	26.58	100719.23	1852	0	Charon	
422	0:15:58	1/1/2019 	421186	162.00	7.00	8.34	26.58	100719.23	1852	0	Charon	
423	0:15:58	1/1/2019 	421818	916.00	127.00	35.25	26.58	100719.07	52399	0	Charon	
424	0:16:01	1/1/2019 	424743	724.00	15.00	16.68	26.58	100718.96	153493	0	Charon	
425	0:16:02	1/1/2019 	425350	957.00	189.00	44.33	26.58	100718.80	1853	0	Charon	
426	0:16:06	1/1/2019 	429556	546.00	8.00	13.23	26.59	100719.57	256616	0	Charon	
427	0:16:07	1/1/2019 	430085	804.00	47.00	22.21	26.59	100719.41	2605	0	Charon	
428	0:16:11	1/1/2019 	433940	803.00	41.00	21.60	26.59	100720.32	204042	0	Charon	
429	0:16:12	1/1/2019 	435266	937.00	154.00	39.91	26.59	100720.48	52400	0	Charon	
430	0:16:12	1/1/2019 	435453	931.00	146.00	38.64	26.59	100720.48	1854	0	Charon	
431	0:16:14	1/1/2019 	437169	657.00	9.00	14.55	26.59	100720.05	102947	0	Charon	
432	0:16:14	1/1/2019 	437221	941.00	154.00	39.91	26.59	100720.05	1853	0	Charon	
433	0:16:14	1/1/2019 	437377	730.00	16.00	17.00	26.59	100720.05	3964	0	Charon	
434	0:16:16	1/1/2019 	439804	753.00	21.00	18.40	26.60	100719.94	153494	1	Charon	
435	0:16:17	1/1/2019 	440248	635.00	9.00	14.41	26.60	100719.94	2606	0	Charon	
436	0:16:18	1/1/2019 	440953	542.00	8.00	13.19	26.60	100719.94	52399	0	Charon	
437	0:16:20	1/1/2019 	443264	965.00	225.00	47.75	26.60	100720.16	102947	0	Charon	
438	0:16:22	1/1/2019 	445248	204.00	8.00	9.39	26.60	100720.71	102951	0	Charon	
439	0:16:23	1/1/2019 	446391	324.00	8.00	11.37	26.60	100720.60	54512	0	Charon	
440	0:16:23	1/1/2019 	446557	63.00	8.00	5.91	26.60	100720.60	52399	0	Charon	
441	0:16:23	1/1/2019 	446747	967.00	256.00	50.93	26.60	100720.60	1849	0	Charon	
442	0:16:26	1/1/2019 	449804	847.00	70.00	24.85	26.61	100719.66	153497	0	Charon	
443	0:16:27	1/1/2019 	450709	66.00	7.00	5.93	26.61	100719.16	53154	0	Charon	
444	0:16:27	1/1/2019 	450794	95.00	7.00	6.46	26.61	100719.16	1852	0	Charon	
445	0:16:31	1/1/2019 	454247	811.00	46.00	22.12	26.61	100718.72	155660	0	Charon	
446	0:16:32	1/1/2019 	455462	950.00	163.00	41.22	26.61	100718.74	52400	0	Charon	
447	0:16:33	1/1/2019 	456364	69.00	7.00	5.96	26.61	100718.58	52398	0	Charon	
448	0:16:35	1/1/2019 	458253	877.00	89.00	27.90	26.61	100718.94	102949	0	Charon	
449	0:16:35	1/1/2019 	458424	113.00	7.00	6.95	26.61	100718.94	1852	0	Charon	
450	0:16:36	1/1/2019 	459045	433.00	7.00	12.29	26.61	100718.77	52397	0	Charon	
451	0:16:36	1/1/2019 	459351	646.00	9.00	14.50	26.62	100719.16	1852	0	Charon	
452	0:16:36	1/1/2019 	459396	58.00	8.00	5.88	26.62	100719.16	3823	0	Charon	
453	0:16:37	1/1/2019 	460053	825.00	59.00	23.47	26.62	100719.16	52398	0	Charon	
454	0:16:37	1/1/2019 	460070	65.00	7.00	5.92	26.62	100719.16	2606	0	Charon	
455	0:16:38	1/1/2019 	461009	266.00	8.00	10.56	26.62	100718.83	52396	0	Charon	
456	0:16:40	1/1/2019 	463482	812.00	55.00	23.02	26.62	100718.72	102946	0	Charon	
457	0:16:40	1/1/2019 	463814	98.00	7.00	6.54	26.62	100718.55	52400	0	Charon	
458	0:16:42	1/1/2019 	465189	142.00	7.00	7.78	26.62	100718.38	54514	0	Charon	
459	0:16:42	1/1/2019 	465818	644.00	9.00	14.48	26.62	100718.77	52404	0	Charon	
460	0:16:44	1/1/2019 	467823	742.00	19.00	17.88	26.62	100718.11	102945	0	Charon	
461	0:16:45	1/1/2019 	467871	960.00	183.00	43.69	26.62	100718.11	1853	0	Charon	
462	0:16:45	1/1/2019 	468087	853.00	75.00	25.57	26.62	100718.49	1853	0	Charon	
463	0:16:45	1/1/2019 	468151	865.00	81.00	26.52	26.62	100718.49	1852	0	Charon	
464	0:16:45	1/1/2019 	468443	254.00	8.00	10.36	26.62	100718.49	1852	0	Charon	
465	0:16:46	1/1/2019 	469237	972.00	461.00	82.24	26.62	100718.49	54369	0	Charon	
466	0:16:46	1/1/2019 	469810	970.00	242.00	49.40	26.62	100718.49	52403	0	Charon	
467	0:16:47	1/1/2019 	470771	125.00	7.00	7.29	26.63	100718.72	53154	0	Charon	
468	0:16:48	1/1/2019 	471635	201.00	7.00	9.31	26.63	100718.05	52399	0	Charon	
469	0:16:50	1/1/2019 	472984	888.00	101.00	30.14	26.63	100718.11	52398	0	Charon	
470	0:16:50	1/1/2019 	473221	913.00	125.00	34.87	26.63	100718.11	1852	0	Charon	
471	0:16:50	1/1/2019 	473304	918.00	128.00	35.44	26.63	100717.78	3964	0	Charon	
472	0:16:51	1/1/2019 	474061	848.00	76.00	25.70	26.63	100717.78	52398	0	Charon	
473	0:16:52	1/1/2019 	474977	744.00	18.00	17.61	26.63	100717.44	52402	0	Charon	
474	0:16:52	1/1/2019 	475202	175.00	7.00	8.69	26.63	100717.80	1852	0	Charon	
475	0:16:52	1/1/2019 	475749	963.00	175.00	42.76	26.63	100717.63	52401	0	Charon	
476	0:16:52	1/1/2019 	475803	962.00	180.00	43.35	26.63	100717.63	1852	0	Charon	
477	0:16:53	1/1/2019 	475905	567.00	8.00	13.46	26.63	100717.63	3876	0	Charon	
478	0:16:54	1/1/2019 	477340	132.00	8.00	7.50	26.63	100717.47	52398	0	Charon	
479	0:16:55	1/1/2019 	478768	63.00	7.00	5.91	26.63	100717.69	102946	0	Charon	
480	0:16:56	1/1/2019 	479274	63.00	7.00	5.91	26.63	100717.69	1851	0	Charon	
481	0:16:56	1/1/2019 	479696	539.00	8.00	13.16	26.63	100717.52	52400	0	Charon	
482	0:16:57	1/1/2019 	479856	372.00	8.00	11.88	26.63	100717.52	2602	0	Charon	
483	0:16:57	1/1/2019 	480105	132.00	8.00	7.50	26.63	100717.52	1849	0	Charon	
484	0:16:58	1/1/2019 	481005	822.00	57.00	23.25	26.63	100717.36	54511	0	Charon	
485	0:16:58	1/1/2019 	481566	934.00	153.00	39.76	26.64	100717.75	52401	0	Charon	
486	0:16:58	1/1/2019 	481605	969.00	267.00	52.26	26.64	100717.75	1851	0	Charon	
487	0:16:58	1/1/2019 	481731	972.00	222.00	47.47	26.64	100717.75	1850	0	Charon	
488	0:16:59	1/1/2019 	482721	89.00	7.00	6.32	26.64	100717.75	52401	0	Charon	
489	0:16:59	1/1/2019 	482767	976.00	366.00	68.74	26.64	100717.75	1851	0	Charon	
490	0:17:00	1/1/2019 	483077	549.00	8.00	13.26	26.64	100717.58	3822	0	Charon	
491	0:17:00	1/1/2019 	483448	907.00	114.00	32.72	26.64	100717.97	1851	0	Charon	
492	0:17:00	1/1/2019 	483751	60.00	7.00	5.89	26.64	100717.97	52400	0	Charon	
493	0:17:01	1/1/2019 	484195	967.00	301.00	57.22	26.64	100717.80	1850	0	Charon	
494	0:17:01	1/1/2019 	484479	979.00	364.00	68.39	26.64	100717.80	1853	0	Charon	
495	0:17:02	1/1/2019 	484947	815.00	44.00	21.93	26.64	100717.63	52399	0	Charon	
496	0:17:03	1/1/2019 	486272	252.00	8.00	10.33	26.64	100717.53	52401	0	Charon	
497	0:17:03	1/1/2019 	486625	797.00	35.00	20.91	26.64	100717.53	54370	0	Charon	
498	0:17:03	1/1/2019 	486767	441.00	8.00	12.42	26.64	100717.36	1852	0	Charon	
499	0:17:04	1/1/2019 	487648	813.00	53.00	22.82	26.64	100717.03	52397	0	Charon	
500	0:17:05	1/1/2019 	488216	967.00	278.00	53.73	26.64	100716.53	1852	0	Charon	
501	0:17:06	1/1/2019 	488952	174.00	7.00	8.66	26.64	100716.72	52401	0	Charon	
502	0:17:06	1/1/2019 	489805	806.00	43.00	21.81	26.64	100716.55	52400	0	Charon	
503	0:17:07	1/1/2019 	490310	558.00	8.00	13.36	26.64	100716.39	4724	0	Charon	
504	0:17:09	1/1/2019 	492161	141.00	7.00	7.76	26.65	100716.44	102947	0	Charon	
505	0:17:11	1/1/2019 	494022	906.00	112.00	32.33	26.65	100716.00	102948	0	Charon	
506	0:17:12	1/1/2019 	495392	906.00	120.00	33.89	26.65	100716.00	52401	0	Charon	
507	0:17:13	1/1/2019 	495897	560.00	8.00	13.38	26.65	100715.83	52403	0	Charon	
508	0:17:14	1/1/2019 	496876	785.00	32.00	20.49	26.65	100716.03	52400	0	Charon	
509	0:17:15	1/1/2019 	498418	203.00	7.00	9.35	26.65	100715.86	54425	0	Charon	
510	0:17:16	1/1/2019 	499806	944.00	158.00	40.51	26.65	100716.08	102951	0	Charon	
511	0:17:19	1/1/2019 	501966	969.00	273.00	53.05	26.65	100715.58	103703	0	Charon	
512	0:17:19	1/1/2019 	501982	973.00	243.00	49.50	26.65	100715.58	1853	1	Charon	
513	0:17:19	1/1/2019 	502418	89.00	7.00	6.32	26.65	100715.42	1852	0	Charon	
514	0:17:25	1/1/2019 	507878	825.00	64.00	24.04	26.66	100715.36	305146	0	Charon	
515	0:17:29	1/1/2019 	511857	839.00	55.00	23.07	26.66	100714.97	204046	0	Charon	
516	0:17:29	1/1/2019 	512796	568.00	8.00	13.47	26.66	100714.47	55294	0	Charon	
517	0:17:30	1/1/2019 	513787	127.00	7.00	7.35	26.67	100714.70	52398	0	Charon	
518	0:17:31	1/1/2019 	513851	166.00	8.00	8.46	26.67	100714.70	1853	0	Charon	
519	0:17:31	1/1/2019 	514304	435.00	8.00	12.38	26.67	100714.70	1850	0	Charon	
520	0:17:32	1/1/2019 	515001	796.00	42.00	21.69	26.67	100714.37	52397	0	Charon	
521	0:17:33	1/1/2019 	516127	875.00	83.00	26.87	26.67	100714.06	52402	0	Charon	
522	0:17:34	1/1/2019 	517134	917.00	128.00	35.44	26.67	100713.72	54374	0	Charon	
523	0:17:35	1/1/2019 	518564	857.00	84.00	26.98	26.67	100713.78	102949	0	Charon	
524	0:17:36	1/1/2019 	519198	765.00	26.00	19.48	26.67	100713.78	1854	0	Charon	
525	0:17:38	1/1/2019 	521569	289.00	8.00	10.91	26.67	100712.67	153501	0	Charon	
526	0:17:38	1/1/2019 	521713	242.00	7.00	10.13	26.67	100712.67	2605	0	Charon	
527	0:17:39	1/1/2019 	522793	142.00	8.00	7.79	26.67	100712.01	52401	0	Charon	
528	0:17:40	1/1/2019 	523055	841.00	73.00	25.25	26.68	100712.23	4017	0	Charon	
529	0:17:43	1/1/2019 	526124	924.00	142.00	37.96	26.68	100710.76	153504	0	Charon	
530	0:17:43	1/1/2019 	526176	969.00	202.00	45.62	26.68	100710.76	1852	0	Charon	
531	0:17:43	1/1/2019 	526271	701.00	12.00	15.66	26.68	100710.42	1852	0	Charon	
532	0:17:44	1/1/2019 	527252	911.00	122.00	34.29	26.68	100710.42	52403	0	Charon	
533	0:17:45	1/1/2019 	528142	206.00	8.00	9.43	26.68	100710.09	52401	0	Charon	
534	0:17:45	1/1/2019 	528203	978.00	428.00	78.25	26.68	100710.09	1851	0	Charon	
535	0:17:45	1/1/2019 	528254	513.00	8.00	12.93	26.68	100710.09	3822	0	Charon	
536	0:17:47	1/1/2019 	529993	818.00	50.00	22.53	26.68	100709.98	102951	0	Charon	
537	0:17:47	1/1/2019 	530826	953.00	164.00	41.35	26.68	100710.03	53158	0	Charon	
538	0:17:50	1/1/2019 	533015	345.00	7.00	11.56	26.68	100709.70	102952	0	Charon	
539	0:17:51	1/1/2019 	534395	969.00	348.00	65.52	26.69	100709.92	52404	0	Charon	
540	0:17:52	1/1/2019 	535598	226.00	7.00	9.83	26.69	100709.59	102955	0	Charon	
541	0:17:53	1/1/2019 	535867	603.00	8.00	13.87	26.69	100710.12	3967	0	Charon	
542	0:17:53	1/1/2019 	536694	933.00	147.00	38.80	26.69	100709.95	52406	0	Charon	
543	0:17:54	1/1/2019 	537333	809.00	42.00	21.72	26.69	100709.78	1851	0	Charon	
544	0:17:54	1/1/2019 	537780	108.00	7.00	6.81	26.69	100709.78	52402	0	Charon	
545	0:17:59	1/1/2019 	542470	885.00	93.00	28.64	26.69	100710.06	204054	0	Charon	
546	0:18:01	1/1/2019 	544023	577.00	8.00	13.57	26.70	100710.12	103709	0	Charon	
547	0:18:02	1/1/2019 	545735	902.00	110.00	31.93	26.70	100709.78	105069	0	Charon	
548	0:18:03	1/1/2019 	546207	849.00	72.00	25.13	26.70	100709.62	1856	0	Charon	
549	0:18:03	1/1/2019 	546797	449.00	8.00	12.48	26.70	100709.62	52411	0	Charon	
550	0:18:04	1/1/2019 	547165	975.00	546.00	93.73	26.70	100710.02	1855	0	Charon	
551	0:18:05	1/1/2019 	548327	916.00	131.00	36.00	26.70	100709.84	52403	0	Charon	
552	0:18:05	1/1/2019 	548350	162.00	7.00	8.34	26.70	100709.84	1853	0	Charon	
553	0:18:05	1/1/2019 	548727	358.00	8.00	11.74	26.70	100709.84	52402	0	Charon	
554	0:18:06	1/1/2019 	549351	166.00	7.00	8.45	26.70	100709.67	3820	0	Charon	
555	0:18:07	1/1/2019 	550000	890.00	96.00	29.21	26.70	100709.52	52404	0	Charon	
556	0:18:07	1/1/2019 	550472	672.00	10.00	14.92	26.70	100709.73	2606	0	Charon	
557	0:18:08	1/1/2019 	551005	917.00	130.00	35.81	26.70	100709.73	52402	1	Charon	
558	0:18:08	1/1/2019 	551046	815.00	46.00	22.13	26.70	100709.73	1855	0	Charon	
559	0:18:09	1/1/2019 	552772	121.00	7.00	7.18	26.70	100710.12	102953	0	Charon	
560	0:18:10	1/1/2019 	553069	970.00	334.00	62.97	26.70	100710.12	3972	0	Charon	
561	0:18:11	1/1/2019 	554415	962.00	196.00	45.04	26.70	100710.29	52408	0	Charon	
562	0:18:13	1/1/2019 	556641	105.00	7.00	6.72	26.71	100710.02	153497	0	Charon	
563	0:18:14	1/1/2019 	557203	254.00	7.00	10.34	26.71	100710.51	1852	0	Charon	
564	0:18:15	1/1/2019 	558042	976.00	577.00	99.82	26.71	100710.34	52401	0	Charon	
565	0:18:15	1/1/2019 	558233	697.00	15.00	16.58	26.71	100710.34	1852	0	Charon	
566	0:18:15	1/1/2019 	558759	608.00	8.00	13.92	26.71	100710.34	52401	0	Charon	
567	0:18:17	1/1/2019 	560482	198.00	7.00	9.24	26.71	100710.56	54370	0	Charon	
568	0:18:17	1/1/2019 	560594	734.00	16.00	17.01	26.71	100710.56	53157	1	Charon	
569	0:18:19	1/1/2019 	561870	98.00	7.00	6.54	26.71	100710.45	52399	0	Charon	
570	0:18:21	1/1/2019 	563961	600.00	8.00	13.83	26.71	100710.45	102952	0	Charon	
571	0:18:22	1/1/2019 	564990	769.00	25.00	19.30	26.71	100710.12	52403	0	Charon	
572	0:18:25	1/1/2019 	568411	576.00	4.00	12.84	26.72	100710.06	153506	1	Charon	
573	0:18:25	1/1/2019 	568483	472.00	8.00	12.63	26.72	100710.06	3962	0	Charon	
574	0:18:25	1/1/2019 	568632	138.00	7.00	7.67	26.72	100710.23	52399	0	Charon	
575	0:18:27	1/1/2019 	570269	169.00	7.00	8.53	26.72	100709.90	52401	0	Charon	
576	0:18:27	1/1/2019 	570436	289.00	7.00	10.87	26.72	100709.90	2605	0	Charon	
577	0:18:28	1/1/2019 	571065	146.00	7.00	7.90	26.72	100710.12	52403	0	Charon	
578	0:18:28	1/1/2019 	571661	860.00	79.00	26.19	26.72	100709.95	52407	0	Charon	
579	0:18:29	1/1/2019 	572599	693.00	11.00	15.30	26.72	100710.12	54570	1	Charon	
580	0:18:29	1/1/2019 	572731	768.00	25.00	19.30	26.72	100710.12	1860	0	Charon	
581	0:18:30	1/1/2019 	573126	89.00	7.00	6.32	26.72	100710.12	1858	0	Charon	
582	0:18:32	1/1/2019 	575775	130.00	7.00	7.44	26.72	100709.67	153500	0	Charon	
583	0:18:33	1/1/2019 	576371	616.00	8.00	14.00	26.72	100709.52	1851	0	Charon	
584	0:18:34	1/1/2019 	577083	981.00	743.00	133.34	26.73	100709.91	52399	0	Charon	
585	0:18:34	1/1/2019 	577165	170.00	8.00	8.56	26.73	100709.91	1854	0	Charon	
586	0:18:35	1/1/2019 	578259	964.00	200.00	45.43	26.73	100709.56	54369	0	Charon	
587	0:18:35	1/1/2019 	578727	140.00	7.00	7.73	26.73	100709.56	52401	0	Charon	
588	0:18:36	1/1/2019 	579748	816.00	51.00	22.63	26.73	100709.92	52401	0	Charon	
589	0:18:37	1/1/2019 	580190	143.00	7.00	7.81	26.73	100709.77	2606	0	Charon	
590	0:18:38	1/1/2019 	581317	571.00	6.00	13.18	26.73	100709.42	52400	0	Charon	
591	0:18:41	1/1/2019 	584081	857.00	84.00	26.98	26.73	100709.65	153495	0	Charon	
592	0:18:42	1/1/2019 	585289	973.00	341.00	64.24	26.73	100709.48	54514	0	Charon	
593	0:18:42	1/1/2019 	585445	459.00	11.00	12.77	26.73	100709.88	1856	0	Charon	
594	0:18:42	1/1/2019 	585713	961.00	170.00	42.15	26.73	100709.88	52409	0	Charon	
595	0:18:42	1/1/2019 	585810	704.00	12.00	15.66	26.73	100709.88	1859	0	Charon	
596	0:18:43	1/1/2019 	586321	220.00	8.00	9.73	26.73	100709.88	1857	0	Charon	
597	0:18:44	1/1/2019 	587329	92.00	7.00	6.39	26.73	100709.38	52405	0	Charon	
598	0:18:44	1/1/2019 	587771	133.00	7.00	7.52	26.73	100709.38	52406	0	Charon	
599	0:18:45	1/1/2019 	588107	968.00	359.00	67.50	26.73	100709.20	3826	0	Charon	
600	0:18:46	1/1/2019 	589611	120.00	7.00	7.15	26.74	100709.27	102951	0	Charon	
601	0:18:47	1/1/2019 	590111	62.00	7.00	5.90	26.74	100708.77	2605	0	Charon	
602	0:18:48	1/1/2019 	591462	772.00	26.00	19.50	26.74	100708.43	52402	0	Charon	
603	0:18:49	1/1/2019 	591970	948.00	158.00	40.51	26.74	100708.27	52403	0	Charon	
604	0:18:51	1/1/2019 	594330	920.00	133.00	36.37	26.74	100708.29	102952	0	Charon	
605	0:18:51	1/1/2019 	594450	92.00	7.00	6.39	26.74	100708.29	3964	0	Charon	
606	0:18:52	1/1/2019 	595432	136.00	7.00	7.61	26.74	100708.12	52403	0	Charon	
607	0:18:52	1/1/2019 	595814	107.00	7.00	6.78	26.74	100707.95	52406	0	Charon	
608	0:18:52	1/1/2019 	595822	651.00	9.00	14.53	26.74	100707.95	1851	0	Charon	
609	0:18:53	1/1/2019 	596805	234.00	7.00	9.98	26.74	100707.62	52402	0	Charon	
610	0:18:54	1/1/2019 	597450	584.00	8.00	13.65	26.74	100707.68	1856	0	Charon	
611	0:18:54	1/1/2019 	597709	647.00	9.00	14.50	26.74	100707.68	54424	0	Charon	
612	0:18:58	1/1/2019 	600234	926.00	148.00	38.96	26.74	100706.91	102952	0	Charon	
613	0:18:58	1/1/2019 	601178	152.00	7.00	8.07	26.74	100706.41	53351	0	Charon	
614	0:18:59	1/1/2019 	601726	661.00	10.00	14.88	26.74	100706.23	52399	0	Charon	
615	0:19:01	1/1/2019 	604109	321.00	8.00	11.33	26.75	100705.94	102951	0	Charon	
616	0:19:04	1/1/2019 	606695	854.00	75.00	25.57	26.75	100705.66	153497	0	Charon	
617	0:19:04	1/1/2019 	607009	88.00	7.00	6.30	26.75	100705.66	1853	0	Charon	
618	0:19:05	1/1/2019 	607439	784.00	29.00	20.04	26.75	100705.48	3963	0	Charon	
619	0:19:06	1/1/2019 	608314	903.00	112.00	32.32	26.75	100705.32	52401	0	Charon	
620	0:19:06	1/1/2019 	608960	928.00	135.00	36.74	26.75	100705.71	52403	0	Charon	
621	0:19:08	1/1/2019 	610341	899.00	109.00	31.72	26.75	100705.21	52403	0	Charon	
622	0:19:12	1/1/2019 	614640	909.00	120.00	33.90	26.75	100704.60	255542	0	Charon	
623	0:19:16	1/1/2019 	618996	753.00	21.00	18.40	26.76	100704.22	204046	0	Charon	
624	0:19:18	1/1/2019 	620423	159.00	7.00	8.26	26.76	100703.72	54515	0	Charon	
625	0:19:18	1/1/2019 	621015	790.00	32.00	20.50	26.76	100703.55	53351	0	Charon	
626	0:19:19	1/1/2019 	621239	192.00	7.00	9.10	26.76	100703.55	1849	0	Charon	
627	0:19:23	1/1/2019 	625345	138.00	7.00	7.67	26.76	100703.33	204047	0	Charon	
628	0:19:24	1/1/2019 	626681	842.00	73.00	25.25	26.76	100703.16	102953	0	Charon	
629	0:19:25	1/1/2019 	627843	243.00	7.00	10.15	26.77	100703.35	52403	0	Charon	
630	0:19:27	1/1/2019 	629247	911.00	122.00	34.29	26.77	100703.19	54568	0	Charon	
631	0:19:27	1/1/2019 	629422	465.00	8.00	12.58	26.77	100703.19	1853	0	Charon	
632	0:19:28	1/1/2019 	630988	840.00	71.00	24.97	26.77	100703.55	102950	0	Charon	
633	0:19:28	1/1/2019 	631215	63.00	6.00	5.91	26.77	100703.55	2802	0	Charon	
634	0:19:29	1/1/2019 	631266	366.00	8.00	11.82	26.77	100703.55	1850	0	Charon	
635	0:19:29	1/1/2019 	631486	735.00	16.00	17.01	26.77	100703.55	1851	0	Charon	
636	0:19:30	1/1/2019 	632659	918.00	134.00	36.55	26.77	100703.21	102950	0	Charon	
637	0:19:32	1/1/2019 	634445	835.00	59.00	23.49	26.77	100703.10	54514	0	Charon	
638	0:19:38	1/1/2019 	640847	971.00	305.00	57.88	26.78	100702.38	355708	1	Charon	
639	0:19:41	1/1/2019 	643771	548.00	8.00	13.25	26.78	100702.77	154453	1	Charon	
640	0:19:46	1/1/2019 	648248	868.00	90.00	28.04	26.78	100703.38	204048	0	Charon	
641	0:19:46	1/1/2019 	648269	240.00	8.00	10.11	26.78	100703.38	1859	0	Charon	
642	0:19:46	1/1/2019 	648957	555.00	8.00	13.33	26.78	100703.38	52406	0	Charon	
643	0:19:48	1/1/2019 	651138	97.00	7.00	6.51	26.79	100703.41	105066	0	Charon	
644	0:19:50	1/1/2019 	652612	115.00	7.00	7.00	26.79	100703.58	103899	0	Charon	
645	0:19:50	1/1/2019 	652900	923.00	136.00	36.92	26.79	100703.41	1852	0	Charon	
646	0:19:51	1/1/2019 	653367	392.00	8.00	12.06	26.79	100703.96	1852	0	Charon	
647	0:19:51	1/1/2019 	653914	695.00	12.00	15.65	26.79	100703.96	52398	0	Charon	
648	0:19:51	1/1/2019 	654137	97.00	7.00	6.51	26.79	100703.96	1850	0	Charon	
649	0:19:53	1/1/2019 	655231	893.00	103.00	30.54	26.79	100703.80	52400	0	Charon	
650	0:19:56	1/1/2019 	658492	142.00	7.00	7.78	26.79	100703.69	155667	0	Charon	
651	0:19:57	1/1/2019 	659300	626.00	9.00	14.33	26.79	100703.91	52401	0	Charon	
652	0:19:58	1/1/2019 	661110	79.00	7.00	6.12	26.80	100704.47	102950	0	Charon	
653	0:19:59	1/1/2019 	662107	965.00	299.00	56.90	26.80	100704.12	53350	0	Charon	
654	0:20:00	1/1/2019 	663113	655.00	9.00	14.55	26.80	100704.12	52408	0	Charon	
655	0:20:01	1/1/2019 	663271	173.00	7.00	8.63	26.80	100704.12	1860	0	Charon	
656	0:20:01	1/1/2019 	663406	882.00	89.00	27.91	26.80	100704.66	3970	0	Charon	
657	0:20:02	1/1/2019 	664569	145.00	7.00	7.87	26.80	100704.48	102945	0	Charon	
658	0:20:05	1/1/2019 	667391	396.00	8.00	12.09	26.80	100704.38	102950	0	Charon	
659	0:20:05	1/1/2019 	668113	976.00	368.00	69.09	26.80	100704.55	52402	0	Charon	
660	0:20:06	1/1/2019 	668255	541.00	8.00	13.18	26.80	100704.73	1852	0	Charon	
661	0:20:06	1/1/2019 	668401	968.00	193.00	44.74	26.80	100704.73	1851	0	Charon	
662	0:20:06	1/1/2019 	668795	180.00	7.00	8.81	26.80	100704.73	54369	0	Charon	
663	0:20:07	1/1/2019 	669768	716.00	14.00	16.35	26.80	100704.57	52398	0	Charon	
664	0:20:08	1/1/2019 	670240	894.00	106.00	31.12	26.80	100704.57	2802	0	Charon	
665	0:20:09	1/1/2019 	672135	523.00	8.00	13.02	26.81	100704.46	102946	0	Charon	
666	0:20:11	1/1/2019 	673782	83.00	7.00	6.19	26.81	100704.84	102946	0	Charon	
667	0:20:12	1/1/2019 	674708	442.00	8.00	12.43	26.81	100705.08	52400	0	Charon	
668	0:20:12	1/1/2019 	675103	989.00	663.00	118.96	26.81	100705.08	1850	0	Charon	
669	0:20:13	1/1/2019 	675609	962.00	198.00	45.23	26.81	100705.08	54512	0	Charon	
670	0:20:14	1/1/2019 	676476	264.00	8.00	10.53	26.81	100705.30	1852	0	Charon	
671	0:20:14	1/1/2019 	677101	797.00	35.00	20.91	26.81	100705.12	52401	0	Charon	
672	0:20:15	1/1/2019 	677372	834.00	62.00	23.83	26.81	100705.12	1859	0	Charon	
673	0:20:15	1/1/2019 	678101	790.00	31.00	20.36	26.81	100705.12	52407	0	Charon	
674	0:20:19	1/1/2019 	681401	363.00	8.00	11.79	26.82	100705.23	153506	0	Charon	
675	0:20:19	1/1/2019 	681729	542.00	8.00	13.19	26.82	100705.23	55459	1	Charon	
676	0:20:19	1/1/2019 	681857	830.00	58.00	23.38	26.82	100705.23	1850	1	Charon	
677	0:20:20	1/1/2019 	682371	968.00	354.00	66.60	26.82	100705.62	1853	0	Charon	
678	0:20:20	1/1/2019 	682787	890.00	97.00	29.39	26.82	100705.46	52406	0	Charon	
679	0:20:20	1/1/2019 	683006	269.00	8.00	10.61	26.82	100705.46	1852	0	Charon	
680	0:20:20	1/1/2019 	683061	61.00	7.00	5.89	26.82	100705.46	1849	0	Charon	
681	0:20:20	1/1/2019 	683228	668.00	11.00	15.22	26.82	100705.46	3822	1	Charon	
682	0:20:21	1/1/2019 	683696	979.00	755.00	134.70	26.82	100705.46	52401	0	Charon	
683	0:20:23	1/1/2019 	685677	102.00	7.00	6.64	26.82	100705.48	102954	0	Charon	
684	0:20:26	1/1/2019 	688925	142.00	7.00	7.78	26.83	100706.10	153500	0	Charon	
685	0:20:28	1/1/2019 	690379	609.00	9.00	14.14	26.83	100705.94	52400	0	Charon	
686	0:20:28	1/1/2019 	691052	685.00	10.00	14.94	26.83	100705.94	53350	0	Charon	
687	0:20:28	1/1/2019 	691141	977.00	520.00	89.58	26.83	100705.94	1851	0	Charon	
688	0:20:31	1/1/2019 	694128	158.00	7.00	8.23	26.83	100705.83	155609	0	Charon	
689	0:20:32	1/1/2019 	694959	820.00	57.00	23.25	26.83	100706.19	52401	0	Charon	
690	0:20:33	1/1/2019 	695839	651.00	9.00	14.53	26.83	100706.19	52401	0	Charon	
691	0:20:34	1/1/2019 	696555	373.00	8.00	11.89	26.83	100706.19	52400	0	Charon	
692	0:20:34	1/1/2019 	697052	72.00	7.00	6.00	26.84	100706.57	1850	0	Charon	
693	0:20:35	1/1/2019 	698061	884.00	96.00	29.18	26.84	100706.57	52401	0	Charon	
694	0:20:38	1/1/2019 	700819	792.00	40.00	21.47	26.84	100706.96	155472	0	Charon	
695	0:20:39	1/1/2019 	701275	866.00	86.00	27.34	26.84	100706.96	2802	0	Charon	
696	0:20:39	1/1/2019 	701974	841.00	66.00	24.32	26.84	100706.96	52402	0	Charon	
697	0:20:39	1/1/2019 	702207	157.00	7.00	8.21	26.84	100706.96	1851	0	Charon	
698	0:20:41	1/1/2019 	703816	640.00	9.00	14.45	26.84	100707.18	102948	0	Charon	
699	0:20:44	1/1/2019 	706581	68.00	7.00	5.95	26.84	100706.69	153499	0	Charon	
700	0:20:44	1/1/2019 	706661	822.00	58.00	23.36	26.84	100706.88	1854	0	Charon	
701	0:20:46	1/1/2019 	708232	228.00	7.00	9.87	26.84	100706.54	54570	0	Charon	
