15.000  775.000 27.839
30.000  479.000 21.886
45.000  380.000 19.494
60.000  302.000 17.378
75.000  185.000 13.601
90.000  157.000 12.530
105.000 137.000 11.705
120.000 119.000 10.909
135.000 110.000 10.488
150.000 89.000  9.434
165.000 74.000  8.602
180.000 61.000  7.810
195.000 66.000  8.124
210.000 68.000  8.246
225.000 48.000  6.928
240.000 54.000  7.348
255.000 51.000  7.141
270.000 46.000  6.782
285.000 55.000  7.416
300.000 29.000  5.385
315.000 28.000  5.292
330.000 37.000  6.083
345.000 49.000  7.000
360.000 26.000  5.099
375.000 35.000  5.916
390.000 29.000  5.385
405.000 31.000  5.568
420.000 24.000  4.899
435.000 25.000  5.000
450.000 35.000  5.916
465.000 24.000  4.899
480.000 30.000  5.477
495.000 26.000  5.099
510.000 28.000  5.292
525.000 21.000  4.583
540.000 18.000  4.243
555.000 20.000  4.472
570.000 27.000  5.196
585.000 17.000  4.123
600.000 17.000  4.123
615.000 14.000  3.742
630.000 17.000  4.123
645.000 24.000  4.899
660.000 11.000  3.317
675.000 22.000  4.690
690.000 17.000  4.123
705.000 10.000  3.162
720.000 13.000  3.606
735.000 16.000  4.000
750.000 9.000   3.000
765.000 14.000  3.742
780.000 21.000  4.583
795.000 14.000  3.742
810.000 21.000  4.583
825.000 17.000  4.123
840.000 13.000  3.606
855.000 12.000  3.464
870.000 18.000  4.243
885.000 10.000  3.162